"FROM","TO","SIZE"
1,149,1
1,825,1
2,58,2
2,73,31
2,85,1
2,94,5
2,97,1
2,131,2
2,141,1
2,152,2
2,153,3
2,166,1
2,173,13
2,174,5
2,193,9
2,194,2
2,213,7
2,217,10
2,239,1
2,243,1
2,298,3
2,355,1
2,378,1
2,481,5
2,857,4
3,2,1
3,20,3
3,153,2
3,166,1
3,354,1
3,431,3
3,441,1
5,160,1
5,307,1
5,537,1
6,31,4
6,192,3
6,529,1
7,59,1
7,145,1
8,1,1
8,27,2
8,54,1
8,106,4
8,114,1
8,119,2
8,157,1
8,158,1
8,182,1
8,247,1
8,261,1
8,263,1
8,278,2
8,296,1
8,302,1
8,308,2
8,311,1
8,321,1
8,389,1
8,410,2
8,482,1
8,506,2
8,523,1
8,548,1
8,603,1
8,643,1
8,645,1
8,808,1
8,825,1
8,832,1
9,34,2
9,92,2
9,109,1
10,99,1
10,154,2
10,248,3
10,330,1
11,14,3
11,23,10
11,41,12
11,43,1
11,79,5
11,80,1
11,99,1
11,116,4
11,134,1
11,148,1
11,164,1
11,176,3
11,201,6
11,214,4
11,227,6
11,247,10
11,270,4
11,272,1
11,283,1
11,294,1
11,295,1
11,310,4
11,313,3
11,316,4
11,328,3
11,334,4
11,360,4
11,367,4
11,413,1
11,427,1
11,446,4
11,453,1
11,462,2
11,479,4
11,605,4
11,674,2
11,677,3
11,828,4
13,7,1
13,126,1
13,156,2
13,267,3
13,402,1
13,415,1
14,11,2
14,43,1
14,101,12
14,279,1
14,674,1
15,26,4
15,76,8
15,222,9
15,503,1
15,515,3
16,63,4
16,90,5
16,116,5
16,476,11
16,859,1
17,55,1
17,166,1
17,198,2
17,215,1
17,349,1
17,447,1
19,22,2
19,44,1
19,69,2
19,109,3
19,112,5
19,120,1
19,129,2
19,166,1
19,169,2
19,176,3
19,180,1
19,185,2
19,211,2
19,212,1
19,216,3
19,260,1
19,262,2
19,268,1
19,285,2
19,288,1
19,358,2
19,514,3
19,578,1
20,3,1
20,22,1
20,30,1
20,48,1
20,49,2
20,60,2
20,103,3
20,200,1
20,205,2
20,251,1
20,327,3
20,358,1
20,441,2
20,462,1
21,429,24
22,19,3
22,32,2
22,133,2
22,176,1
23,11,1
23,44,1
23,81,1
23,83,2
23,106,2
23,120,1
23,180,1
23,181,1
23,188,1
23,204,1
23,235,2
23,285,1
23,578,1
23,606,1
24,444,1
25,9,1
25,121,5
25,308,1
25,512,4
27,8,3
27,106,2
27,114,3
27,372,2
27,496,3
27,515,3
28,46,12
28,53,12
28,101,6
28,265,11
30,83,2
30,282,2
30,522,3
31,6,3
31,120,1
31,190,3
31,220,1
31,246,1
31,426,1
32,22,2
32,64,5
32,69,1
32,76,4
32,176,3
32,187,7
32,210,1
32,268,1
32,281,1
32,312,7
32,486,1
33,34,2
34,5,2
34,9,11
34,33,1
34,37,1
34,51,4
34,84,3
34,98,2
34,103,3
34,109,2
34,150,2
34,221,4
34,326,2
34,389,1
34,500,1
34,545,1
34,561,3
34,586,1
36,280,1
37,9,3
37,34,3
37,58,2
37,355,1
38,35,1
38,103,2
38,144,1
39,105,2
39,152,1
39,392,1
40,116,1
40,138,2
40,176,3
40,208,2
40,255,5
40,380,1
40,453,1
41,11,15
41,74,1
41,134,4
41,316,1
41,367,1
41,427,1
41,454,1
41,468,1
42,21,2
42,466,1
42,468,1
43,11,1
43,14,5
43,53,1
43,74,1
43,112,2
43,120,1
43,169,9
43,185,1
43,226,1
43,229,1
43,255,1
43,305,2
43,354,1
43,409,1
43,484,1
43,674,1
44,19,1
44,57,8
44,78,5
44,80,7
44,81,7
44,103,4
44,122,7
44,148,7
44,164,10
44,174,1
44,189,9
44,195,18
44,249,9
44,254,7
44,257,7
44,262,1
44,432,7
44,440,7
44,463,1
44,840,7
44,841,7
45,234,2
47,80,2
47,726,1
48,20,1
48,40,1
48,54,1
48,88,1
48,95,1
48,191,1
48,245,1
48,247,1
48,321,1
48,342,1
48,380,2
48,381,1
48,410,1
48,419,1
48,445,1
48,475,1
48,519,1
48,523,1
48,546,1
49,20,1
50,96,1
50,150,1
50,223,1
50,259,2
50,484,2
52,125,4
52,212,6
52,227,1
52,343,3
53,28,2
53,43,1
53,101,3
53,112,2
53,122,1
53,128,2
53,232,1
53,271,4
53,276,3
53,283,1
53,364,4
53,451,1
54,40,1
54,74,1
54,138,2
55,85,1
55,166,1
55,174,3
55,198,1
55,207,1
55,217,2
55,349,1
56,84,1
56,165,2
56,350,1
56,386,1
57,148,4
57,257,9
58,2,1
58,37,1
58,85,1
58,115,1
58,143,2
58,207,3
58,215,4
58,243,1
58,262,1
58,355,1
59,77,1
59,236,2
59,251,1
59,267,1
59,271,1
59,300,1
59,366,2
59,401,2
59,413,1
60,20,1
60,175,1
60,190,1
60,382,1
60,420,1
60,593,1
61,11,2
61,74,2
61,285,1
62,492,1
63,16,5
63,429,1
64,32,1
64,75,1
64,176,2
64,197,1
64,320,1
64,376,1
65,471,1
65,839,2
66,18,1
66,208,1
68,500,1
70,100,1
70,183,2
72,393,1
73,2,11
73,75,1
73,85,1
73,173,4
73,174,2
73,193,2
73,217,4
73,481,1
73,513,4
74,20,1
74,41,1
74,43,1
74,54,1
74,61,1
74,116,1
74,195,2
74,214,2
74,259,1
74,527,1
75,23,2
75,41,1
75,69,1
75,73,3
75,78,1
75,91,2
75,111,1
75,142,1
75,208,3
75,304,1
75,326,2
75,460,1
75,584,2
75,833,1
76,15,2
76,24,4
76,26,2
76,32,9
76,64,2
76,68,2
76,135,2
76,170,5
76,203,3
76,222,2
76,312,9
76,370,3
76,444,4
77,59,2
77,85,2
77,126,3
77,163,1
77,251,1
77,491,1
78,57,4
78,74,2
78,81,2
78,89,1
78,99,2
78,134,2
78,148,4
78,164,2
78,169,2
78,186,1
78,189,2
78,226,1
78,248,2
78,294,1
78,309,2
78,330,2
78,375,1
78,409,2
78,432,1
78,433,1
78,440,2
78,470,1
78,472,2
78,486,1
78,500,1
78,674,1
79,134,2
79,419,1
79,446,1
79,828,1
80,47,2
80,95,2
80,216,2
80,249,1
81,44,10
81,80,2
81,195,5
81,254,1
81,500,1
82,53,1
82,154,5
83,19,1
83,23,1
83,30,1
83,91,1
83,118,1
83,133,1
83,180,4
83,235,3
83,262,1
83,383,1
83,499,1
84,9,1
84,34,1
84,56,2
84,70,1
84,121,1
84,221,2
84,341,1
84,347,4
85,2,2
85,58,1
85,73,2
85,77,2
85,174,6
85,207,2
85,217,6
85,312,1
85,327,1
85,394,2
87,47,1
87,65,1
87,71,1
87,93,3
87,102,2
87,187,1
87,218,2
87,240,2
87,277,1
87,331,1
87,346,1
87,356,1
87,428,1
87,444,3
87,455,1
87,471,1
87,543,1
87,612,1
87,827,2
87,831,2
88,18,1
88,95,2
88,155,2
88,208,2
88,245,1
88,255,1
88,475,1
89,11,1
89,23,1
89,44,1
89,78,1
89,84,1
89,87,1
89,118,2
89,120,3
89,216,4
89,235,1
89,238,1
89,239,1
89,253,3
89,260,2
89,299,1
89,325,3
89,326,2
89,331,1
89,342,2
89,369,1
89,462,1
89,474,1
89,507,1
89,527,1
89,650,1
89,827,1
90,16,6
90,348,1
90,504,1
91,23,3
91,92,1
91,142,1
91,149,1
91,188,4
91,196,1
91,239,1
91,314,2
91,326,5
91,430,1
91,443,2
91,497,1
91,518,2
91,650,1
92,9,2
92,91,2
92,100,3
92,119,1
93,110,1
93,205,10
93,240,1
93,317,2
93,455,2
93,507,2
93,551,1
93,827,1
94,2,1
94,217,1
95,80,1
95,88,1
95,205,1
95,245,1
95,445,1
96,97,1
96,145,1
96,160,2
97,2,2
97,40,1
97,45,1
97,89,1
97,96,1
97,103,8
97,118,1
97,131,3
97,143,3
97,145,2
97,166,4
97,174,2
97,198,4
97,207,1
97,209,6
97,212,2
97,254,1
97,293,1
97,390,1
97,486,3
97,503,1
97,526,1
97,591,2
98,34,1
98,118,2
98,130,1
98,142,2
98,147,1
98,184,2
98,187,1
98,312,5
98,336,2
98,486,1
98,500,2
98,725,1
99,154,1
99,307,1
100,92,2
100,281,2
101,14,7
101,28,1
101,53,1
101,147,1
101,169,1
101,222,7
101,279,3
103,20,1
103,34,2
103,38,2
103,44,3
103,153,1
103,189,1
103,195,3
103,282,1
103,484,1
104,124,2
104,401,1
105,39,2
105,378,1
105,392,1
106,23,1
106,119,2
106,121,1
106,158,1
106,266,3
109,9,1
109,19,5
109,34,1
109,262,2
110,93,1
110,116,3
110,134,1
110,299,1
111,44,2
111,75,1
111,96,7
111,147,5
111,151,4
111,170,5
111,177,4
111,179,7
111,184,4
111,194,4
111,203,3
111,239,2
111,312,1
111,323,4
111,379,4
111,393,4
111,411,4
111,442,5
111,456,3
111,494,6
111,521,4
111,584,4
111,830,4
111,848,6
111,869,1
112,19,2
112,43,2
112,305,1
114,503,1
116,11,2
116,16,32
116,18,1
116,40,3
116,74,2
116,95,1
116,110,9
116,381,3
116,419,2
116,446,1
116,458,7
117,19,1
117,68,1
117,130,1
117,262,2
117,318,1
117,513,1
118,19,4
118,23,2
118,32,1
118,75,1
118,83,1
118,89,3
118,91,1
118,98,3
118,100,1
118,187,4
118,246,4
118,268,1
118,323,1
118,486,4
119,92,1
119,158,2
119,296,1
120,19,2
120,31,2
120,43,1
120,89,10
120,145,4
120,169,1
120,181,2
120,188,1
120,190,3
120,325,3
120,328,1
120,403,5
120,474,3
121,9,4
121,25,2
121,106,3
121,266,1
122,10,1
122,189,1
122,249,2
123,192,4
123,220,3
123,246,1
123,405,1
123,420,1
123,590,3
124,7,1
124,13,3
124,59,3
124,77,1
124,104,3
124,126,6
124,145,1
124,151,1
124,174,1
124,239,2
124,271,2
124,323,1
124,402,1
124,415,1
124,416,1
124,418,1
124,486,2
124,871,1
125,52,7
125,212,6
125,343,2
125,418,1
126,7,1
126,13,1
126,59,3
126,77,3
126,104,1
126,124,1
126,174,2
126,251,1
126,300,2
126,415,1
126,416,1
126,418,1
127,253,1
127,501,1
128,53,3
128,67,1
128,99,2
128,154,3
128,186,1
128,232,1
128,248,1
128,249,1
128,276,1
128,322,2
128,375,2
128,383,1
128,433,2
128,447,1
128,604,1
129,19,2
130,8,1
130,98,1
130,117,1
130,171,1
130,211,1
130,230,1
130,268,3
130,347,2
130,388,8
130,506,1
131,2,3
131,85,1
131,97,2
131,141,1
131,174,2
131,298,1
131,355,1
131,385,1
131,504,1
131,591,2
131,848,1
132,210,2
132,235,1
132,285,1
132,839,3
133,20,1
133,22,2
133,42,1
133,83,2
133,98,2
133,150,2
133,266,1
133,377,2
134,78,1
134,79,2
134,831,1
138,40,2
138,54,2
138,297,3
138,303,4
138,387,2
138,445,3
138,475,6
138,519,2
141,2,1
141,73,1
142,23,1
142,98,2
142,118,1
142,187,1
142,239,2
142,499,2
143,58,1
143,97,3
143,177,1
143,190,1
143,309,1
143,538,1
143,551,1
145,97,1
145,120,3
145,146,1
148,57,1
148,78,2
148,248,1
149,158,1
149,825,1
150,133,1
151,124,1
151,177,2
151,323,1
152,2,3
152,39,2
152,340,2
152,378,3
153,2,6
153,3,3
153,20,2
153,103,2
153,212,4
153,383,1
153,441,4
154,82,1
154,330,5
154,447,1
155,206,1
155,245,1
155,327,1
155,465,1
156,13,4
156,251,2
156,416,1
158,308,1
158,502,1
159,40,1
159,208,4
159,304,3
159,445,1
159,476,1
160,5,1
160,96,2
160,190,1
160,264,2
160,393,1
160,460,1
161,235,5
162,169,1
163,77,1
164,44,2
165,56,4
165,106,1
165,294,2
166,2,2
166,19,2
166,44,1
166,73,1
166,97,2
166,111,2
166,131,1
166,174,2
166,198,1
166,207,1
166,215,1
166,349,1
166,437,3
166,456,1
166,513,4
167,106,3
167,114,1
167,119,3
167,158,3
167,296,3
167,302,3
167,308,3
168,90,1
168,402,1
168,404,1
169,43,11
169,73,1
169,112,3
169,120,1
169,185,6
169,226,2
169,402,4
169,561,1
170,24,2
170,76,4
170,111,13
170,135,10
170,147,4
170,370,5
170,444,9
171,130,4
171,437,1
173,2,6
173,73,4
173,193,6
173,213,1
173,553,1
174,2,7
174,44,1
174,55,3
174,58,2
174,73,7
174,85,6
174,97,1
174,124,1
174,126,2
174,131,2
174,141,3
174,145,3
174,166,1
174,207,3
174,209,2
174,217,13
174,298,6
174,349,1
174,355,5
174,402,1
174,591,1
174,848,1
174,850,5
174,865,2
175,60,1
175,206,2
175,391,1
175,439,1
175,675,1
176,11,2
176,19,1
176,32,2
176,40,4
176,64,2
176,185,1
176,197,3
176,208,4
176,242,1
176,253,1
176,305,1
176,320,2
176,484,1
177,143,1
177,151,6
178,163,1
179,282,1
180,23,1
180,83,1
180,383,2
180,406,1
181,31,1
181,120,1
181,190,1
181,237,1
181,358,4
183,70,1
183,158,2
183,460,2
184,23,1
184,98,2
184,111,1
184,187,1
184,227,2
185,19,1
185,112,1
185,169,8
185,229,2
185,230,2
185,279,1
185,337,1
185,484,1
187,3,1
187,23,2
187,32,6
187,87,1
187,98,1
187,118,3
187,124,1
187,142,2
187,184,2
187,239,4
187,281,4
187,312,3
187,319,3
187,437,3
187,463,2
188,91,3
188,137,1
188,239,1
188,518,1
189,44,1
189,195,3
189,226,2
189,432,1
190,120,1
190,143,2
190,160,1
190,516,1
190,650,1
191,244,1
191,261,3
192,220,1
192,256,1
193,2,5
193,73,1
193,173,8
193,213,1
194,2,1
194,151,1
194,393,1
194,521,6
195,44,13
195,57,1
195,74,2
195,78,2
195,80,1
195,81,5
195,103,6
195,122,1
195,148,1
195,189,5
195,249,2
195,254,1
195,257,1
195,287,5
195,314,1
195,432,1
195,463,1
195,510,3
196,303,1
197,56,1
197,176,3
197,444,2
197,449,1
198,17,2
198,55,3
198,97,1
198,166,2
198,215,2
198,293,4
198,349,1
199,333,2
200,18,1
200,208,1
200,303,1
200,488,1
201,11,1
201,446,1
203,49,1
203,76,4
203,105,1
203,108,1
203,262,9
203,285,2
203,392,1
203,431,2
203,469,2
203,533,1
203,611,1
204,23,1
204,91,5
205,93,2
205,95,1
205,102,1
205,200,1
205,277,1
205,295,1
205,317,1
205,327,1
205,346,1
205,356,1
205,407,1
205,445,1
205,453,1
205,488,1
205,873,1
206,95,1
206,155,1
206,175,1
206,439,2
206,489,2
207,58,3
207,85,1
207,145,1
207,166,1
207,174,1
207,215,1
207,217,1
208,40,5
208,71,1
208,75,3
208,155,1
208,159,6
208,176,1
208,201,2
208,240,2
208,255,3
208,261,1
208,277,2
208,295,3
208,303,2
208,304,7
208,356,2
208,371,1
208,407,1
208,427,1
208,446,1
208,476,2
208,520,1
208,825,2
208,828,2
209,97,6
209,166,1
209,174,4
209,198,1
209,213,1
209,298,1
209,385,1
210,132,1
211,130,2
211,347,2
212,52,2
212,97,1
212,125,7
212,153,4
212,209,2
212,268,1
212,343,9
213,2,1
213,193,3
213,209,1
214,74,3
214,270,1
215,58,1
215,166,2
215,198,1
216,19,5
216,423,2
216,462,2
217,2,4
217,55,2
217,73,1
217,85,3
217,94,1
217,145,1
217,174,6
217,207,2
217,349,2
219,568,2
219,842,7
219,860,1
219,862,1
220,192,2
220,426,1
220,517,1
221,34,3
221,84,3
222,15,8
222,26,6
222,76,6
222,101,4
222,227,5
223,180,2
223,414,1
224,4,1
225,299,1
225,509,2
226,43,1
226,103,3
226,169,2
226,189,2
226,283,1
227,11,3
227,70,2
227,184,2
227,222,5
227,228,3
227,249,1
227,353,2
228,227,2
229,185,5
229,279,2
230,242,5
230,326,1
231,218,1
231,549,2
232,53,3
232,276,3
232,433,3
232,674,1
233,668,1
234,45,1
235,23,1
235,83,1
235,172,2
235,282,2
235,285,2
235,431,3
236,104,1
236,124,1
236,874,1
237,60,1
237,181,1
237,615,1
239,89,1
239,98,1
239,111,1
239,142,1
239,158,3
239,187,2
239,188,1
239,275,1
239,383,2
239,499,4
239,504,3
240,93,1
242,185,1
244,127,3
244,191,3
244,253,2
244,259,2
244,423,2
244,479,1
244,501,5
245,95,1
245,208,1
245,304,2
245,342,1
245,867,1
246,123,1
246,439,2
247,11,3
247,364,1
247,410,1
248,148,1
249,44,2
249,80,5
249,81,2
249,122,3
249,128,2
249,195,1
249,226,1
249,227,3
249,279,1
249,330,2
249,433,3
249,472,2
251,77,1
251,156,1
251,163,1
251,236,1
251,300,1
252,160,4
253,89,2
253,127,1
253,244,1
253,310,1
253,369,3
254,44,2
255,40,1
256,192,1
256,382,5
257,57,7
259,127,1
259,191,1
259,239,1
259,244,1
259,324,1
259,423,1
259,479,1
259,501,2
260,19,1
260,89,6
260,253,1
260,607,5
261,86,4
261,191,4
261,208,1
261,471,3
262,19,5
262,58,1
262,176,2
262,203,1
262,254,1
262,268,3
262,285,3
262,431,6
263,54,1
263,106,1
265,28,44
266,106,3
266,114,1
266,121,2
266,133,1
266,515,1
266,545,1
267,13,3
268,32,1
268,130,2
268,171,2
268,212,1
268,262,2
268,289,1
268,312,1
268,323,1
268,389,5
268,437,1
268,449,2
268,486,1
269,486,1
269,849,1
271,53,2
272,11,1
272,165,1
274,517,1
274,660,1
275,9,1
275,239,1
275,499,1
277,47,1
277,87,1
277,102,1
277,346,1
277,356,1
279,101,1
281,8,2
281,32,1
281,64,1
281,70,2
281,87,1
281,100,2
281,187,3
281,312,1
281,503,3
281,572,1
282,30,12
282,235,1
282,285,1
282,400,1
282,448,1
282,522,2
283,226,1
284,250,2
284,844,2
285,19,4
285,61,1
285,172,1
285,235,2
285,280,1
285,282,1
285,289,1
285,313,2
285,400,1
285,431,5
287,100,1
287,195,6
287,463,1
288,19,1
288,413,1
288,424,2
288,482,2
291,91,1
291,97,1
291,377,1
293,198,1
294,11,1
294,350,1
295,102,1
295,205,2
295,208,2
295,272,2
295,346,1
296,1,1
296,119,1
296,523,1
296,825,1
297,138,2
298,2,2
298,131,1
298,141,1
298,174,4
298,209,2
298,217,1
298,344,3
298,355,1
298,601,3
299,328,1
299,520,2
299,639,1
300,59,1
300,251,1
300,271,1
302,119,2
302,158,2
304,40,2
305,101,1
307,5,1
307,99,2
309,78,1
309,143,1
309,268,1
309,538,1
310,214,1
310,277,1
310,311,2
311,310,3
311,360,7
312,11,1
312,32,5
312,64,1
312,76,5
312,98,4
312,111,5
312,171,1
312,184,1
312,187,3
312,281,1
312,456,5
312,463,3
312,562,3
313,11,3
313,285,1
313,330,1
313,402,1
313,427,1
314,91,1
314,402,2
316,360,1
316,875,1
317,93,1
317,205,1
317,338,3
317,356,2
318,68,1
319,474,1
320,64,1
320,262,1
320,268,1
320,529,1
321,437,1
322,154,2
323,19,1
323,72,3
323,124,1
323,145,1
323,268,2
323,393,2
323,402,4
323,650,1
325,253,1
325,317,1
325,369,1
325,478,1
326,34,4
326,75,3
326,91,4
326,208,1
326,230,1
326,235,1
326,239,1
326,402,1
326,443,1
326,518,1
326,625,3
326,650,2
326,825,1
326,828,1
327,488,1
327,519,2
328,120,7
328,297,1
330,10,2
330,19,1
330,154,3
330,249,2
330,313,1
331,507,4
332,508,2
333,6,1
333,31,1
333,181,1
333,398,1
333,399,4
333,460,2
333,511,1
333,516,1
335,179,1
336,98,1
336,377,1
336,534,1
336,547,1
336,725,1
340,42,1
341,84,5
342,43,1
342,89,1
343,212,1
344,298,3
344,601,1
346,87,4
346,102,1
346,295,1
348,90,2
349,17,1
349,58,1
349,166,1
349,217,1
350,56,5
350,165,5
350,294,4
350,425,2
350,855,1
351,552,2
353,227,1
353,299,1
354,3,1
354,20,1
354,43,1
354,103,1
354,153,1
357,20,1
358,19,6
358,181,1
360,61,1
360,79,1
360,134,1
360,310,3
360,311,6
360,313,1
360,316,2
360,828,1
364,53,1
364,247,1
364,279,1
366,59,3
366,251,1
366,271,3
366,300,1
366,401,3
369,89,1
369,325,1
370,24,1
370,26,1
370,76,1
370,170,1
370,437,2
370,444,1
370,569,3
372,27,1
375,433,1
377,84,1
377,137,1
377,180,1
377,291,1
377,336,1
377,547,1
377,596,1
377,725,2
377,825,1
378,39,1
378,105,1
378,152,1
378,203,1
379,151,1
380,40,2
380,299,1
380,546,1
381,116,3
381,383,1
381,499,1
383,128,2
383,239,1
383,381,1
385,209,1
386,165,1
387,138,1
387,297,1
387,303,1
387,445,1
388,130,6
388,347,7
389,268,4
390,9,1
390,443,1
391,358,1
391,374,1
392,39,1
392,59,1
392,105,1
392,378,1
393,72,3
393,194,1
393,323,2
393,442,1
393,521,1
393,584,1
393,872,1
394,85,1
398,60,1
398,333,1
398,399,1
398,405,3
399,333,5
399,398,6
399,405,3
399,426,5
399,439,5
399,450,1
399,460,4
399,571,1
400,282,1
400,431,1
402,145,1
402,169,3
402,313,2
402,314,3
402,323,2
402,326,3
402,439,1
403,120,2
405,60,2
405,256,1
405,398,2
405,399,1
405,408,1
406,180,2
411,96,1
411,442,1
412,282,2
412,854,2
413,1,2
413,59,1
413,288,2
418,125,2
418,126,1
419,116,1
419,134,1
419,488,1
420,237,1
423,102,1
423,127,1
423,191,1
423,216,2
423,244,1
425,56,4
426,399,1
428,870,1
429,21,32
431,3,2
431,98,1
431,132,1
431,172,2
431,258,1
431,262,5
431,285,4
431,486,2
433,249,1
437,130,1
437,166,1
437,187,1
437,268,1
437,321,1
441,3,1
441,20,3
441,153,2
441,230,1
444,24,2
444,26,4
444,68,3
444,76,3
444,87,6
444,135,3
444,170,2
444,197,6
444,370,3
444,569,4
445,95,1
445,138,1
445,159,2
445,191,1
445,244,1
445,261,1
445,303,2
445,365,1
445,876,1
446,11,1
446,116,1
446,208,1
447,154,1
449,268,1
450,465,2
451,53,1
451,364,1
452,50,1
453,407,1
455,93,2
456,166,1
458,295,1
460,6,1
460,333,1
460,399,1
463,67,1
463,195,4
463,287,1
463,470,1
463,757,1
465,155,3
466,42,3
468,41,1
471,65,2
471,87,1
472,19,1
472,249,4
475,138,4
480,107,2
481,2,4
481,73,1
482,288,1
484,46,1
484,103,5
484,185,1
484,279,2
484,337,1
486,97,1
486,98,1
486,431,1
488,200,1
488,419,1
488,475,1
490,531,1
492,62,1
492,117,2
492,318,1
493,5,3
493,6,3
493,49,4
493,72,5
493,83,8
493,126,5
493,165,1
493,172,11
493,198,2
493,235,5
493,254,7
493,291,3
493,323,1
493,340,2
493,430,1
493,611,4
493,868,7
494,111,1
495,512,1
496,263,1
497,91,1
498,441,1
499,83,1
499,142,1
499,239,1
499,275,1
499,381,1
500,34,1
500,68,1
501,244,3
501,259,1
502,158,2
503,15,1
503,203,1
503,281,1
503,308,1
504,131,1
505,472,1
506,308,1
507,93,1
507,331,6
508,4,1
508,224,1
508,264,1
508,274,1
508,332,2
508,421,1
509,225,1
510,195,2
511,579,1
512,25,2
513,73,3
513,166,3
514,19,1
515,15,4
516,19,1
516,405,1
517,220,1
517,274,1
518,188,1
519,138,1
520,299,1
521,442,1
522,30,1
522,524,1
523,296,1
524,30,1
525,877,1
