"FROM","TO","SIZE"
2,73,5
2,97,1
2,166,2
2,173,1
2,174,3
2,193,2
3,20,3
3,120,1
3,153,1
3,158,1
3,173,3
6,220,1
7,126,1
7,163,1
7,178,1
7,415,1
8,158,1
8,247,1
8,261,1
8,263,1
8,278,1
8,643,1
9,37,1
9,51,1
9,58,1
9,160,1
9,176,1
9,355,1
9,452,1
10,53,2
10,82,2
10,99,3
10,128,2
10,154,3
10,186,2
10,202,2
10,232,2
10,248,3
10,276,2
10,307,2
10,322,2
10,330,2
10,384,2
10,433,2
10,447,2
10,480,2
10,485,2
10,908,1
11,19,1
11,41,3
11,75,1
11,79,2
11,98,2
11,176,3
11,201,4
11,214,2
11,227,5
11,247,17
11,262,1
11,270,1
11,289,1
11,310,3
11,312,1
11,313,1
11,316,1
11,328,1
11,334,2
11,360,5
11,367,1
11,427,1
11,446,2
11,456,1
11,479,2
11,503,1
11,605,1
11,665,1
11,677,1
11,828,1
13,77,1
13,124,1
13,415,1
17,97,4
17,131,1
17,447,3
18,40,1
18,79,1
18,88,1
18,110,2
18,200,1
18,216,1
18,310,2
18,424,1
19,44,1
19,68,1
19,69,1
19,72,1
19,203,1
19,211,1
19,262,1
19,268,1
19,285,1
19,463,1
19,472,1
19,578,1
20,153,1
22,34,1
25,91,1
25,512,2
28,46,1
28,53,1
28,265,2
30,22,2
30,83,4
30,139,1
30,282,2
30,522,2
31,358,1
32,174,1
32,187,1
33,9,1
33,34,2
33,37,1
33,58,1
33,84,1
33,355,1
34,5,3
34,9,7
34,20,1
34,22,2
34,37,1
34,51,2
34,150,3
34,160,2
34,204,1
34,221,7
34,239,1
34,262,1
34,278,1
34,441,1
34,545,3
34,556,2
34,561,3
35,38,1
35,144,1
35,146,1
35,557,1
36,452,1
37,9,1
37,25,1
37,34,1
37,58,1
37,84,1
37,121,1
37,266,1
37,355,1
37,539,1
37,561,1
37,585,1
39,168,1
40,380,1
41,11,1
42,133,1
42,235,1
42,466,1
43,101,1
43,169,1
43,249,1
43,305,2
43,641,1
43,651,1
44,19,1
44,32,1
44,57,6
44,78,4
44,80,5
44,81,6
44,122,6
44,148,5
44,164,6
44,189,5
44,195,8
44,249,5
44,254,5
44,257,5
44,312,1
44,432,5
44,440,6
44,503,1
44,840,5
44,841,5
45,108,1
45,234,1
45,312,1
46,28,1
46,101,1
47,80,6
47,240,2
48,40,1
48,54,1
48,95,1
48,191,1
48,245,1
48,247,1
48,321,1
48,342,1
48,380,1
48,381,1
48,419,2
48,445,1
48,519,1
48,523,1
48,546,1
50,58,1
50,143,1
50,827,1
51,9,1
51,34,2
52,125,1
52,212,4
52,512,1
53,28,1
53,112,1
53,283,2
53,451,2
55,174,1
55,355,1
56,84,1
56,197,1
56,350,2
56,537,1
57,122,1
57,257,2
58,9,1
58,33,1
58,37,1
58,349,1
58,355,1
58,591,1
59,124,1
60,176,1
60,190,1
60,333,1
60,358,1
60,398,1
60,460,1
61,161,1
62,117,1
62,318,1
64,11,1
64,19,1
64,32,1
64,76,1
64,98,1
64,102,1
64,111,1
64,118,1
64,124,1
64,134,1
64,176,1
64,187,1
64,197,1
64,260,1
64,262,1
64,292,1
64,312,1
64,320,1
64,325,2
64,503,1
67,148,1
67,154,1
68,11,1
68,124,1
68,650,1
69,98,1
69,227,1
69,503,1
72,19,3
72,111,1
72,262,1
72,323,2
72,393,4
72,442,2
72,868,1
73,174,1
74,41,2
74,288,1
75,11,1
75,166,1
75,198,1
75,245,2
75,246,1
75,313,1
75,326,1
75,460,1
75,472,1
75,578,1
75,580,1
75,827,2
76,111,1
77,85,1
77,532,1
78,53,2
78,57,2
78,67,2
78,81,4
78,99,2
78,112,2
78,122,2
78,128,1
78,148,2
78,154,3
78,164,2
78,169,5
78,186,3
78,189,3
78,226,3
78,232,1
78,248,3
78,254,3
78,283,2
78,322,1
78,330,3
78,384,2
78,409,2
78,432,4
78,440,5
78,447,3
78,470,3
78,472,3
78,641,3
78,674,3
79,110,1
79,325,1
79,446,1
79,828,1
79,843,1
79,892,1
80,47,5
80,95,1
80,122,2
80,216,1
81,44,2
81,195,3
81,254,1
81,323,1
81,326,1
81,432,2
83,30,1
83,91,1
83,133,1
83,137,1
83,180,1
83,223,1
83,336,1
83,377,1
83,383,1
83,518,1
83,522,1
83,524,1
83,534,1
83,547,1
83,740,1
84,11,1
84,33,1
84,37,1
84,44,1
84,56,2
84,70,1
84,98,1
84,111,1
84,121,1
84,124,1
84,142,1
84,150,1
84,227,1
84,239,1
84,266,1
84,347,3
84,539,1
85,77,1
85,96,1
85,174,1
85,207,2
85,312,1
86,102,2
86,345,1
86,853,1
87,11,1
87,24,1
87,32,1
87,75,1
87,98,2
87,118,1
87,187,1
87,312,1
87,319,2
87,444,1
87,453,1
87,827,1
88,245,1
89,98,1
89,120,6
89,260,2
89,325,2
89,402,1
89,474,2
91,98,1
91,204,1
91,486,1
93,87,2
93,205,2
93,317,1
94,173,1
94,217,1
95,80,1
95,123,1
95,216,1
95,332,1
95,489,1
96,85,1
96,97,1
96,174,1
96,314,1
96,833,1
97,2,1
97,17,1
97,19,1
97,73,1
97,96,1
97,98,1
97,100,2
97,103,4
97,131,1
97,141,5
97,166,2
97,293,2
97,385,7
97,567,1
97,591,2
98,11,2
98,87,1
98,89,1
98,91,1
98,101,1
98,111,1
98,133,1
98,169,2
98,174,1
98,181,1
98,204,1
98,211,1
98,227,2
98,281,1
98,362,1
98,486,1
98,503,1
98,650,1
99,307,1
100,97,1
101,14,3
101,28,3
101,43,1
101,46,1
101,98,1
101,162,2
101,169,1
101,185,1
101,187,1
101,222,2
101,305,2
101,451,1
101,533,1
101,572,1
102,64,1
102,86,1
102,295,1
103,97,1
103,282,1
103,435,5
104,124,1
104,401,1
105,49,1
106,92,2
106,121,1
106,266,1
106,296,2
106,302,1
107,330,1
110,18,1
110,79,1
110,116,1
110,134,1
110,292,2
110,325,1
111,19,1
111,24,1
111,75,1
111,76,1
111,98,1
111,130,1
111,170,1
111,171,1
111,176,1
111,184,1
111,289,1
111,312,1
111,320,1
111,323,1
111,437,2
111,444,1
111,456,1
111,533,1
111,665,1
112,44,2
112,53,1
112,189,2
115,513,3
116,16,6
116,95,5
116,110,4
116,134,1
116,244,3
116,381,6
116,419,5
116,458,2
117,19,3
117,262,3
117,285,1
118,19,2
118,64,2
118,169,1
118,187,1
118,211,1
118,319,1
118,326,1
118,358,1
118,486,1
118,650,2
119,829,1
120,89,4
120,143,1
120,328,1
120,486,3
120,505,1
120,650,1
121,37,1
121,106,2
122,44,2
122,57,2
122,80,2
122,249,2
123,95,3
123,220,1
123,244,3
123,590,2
126,7,1
126,174,1
127,244,1
127,253,1
127,345,1
127,369,1
127,423,3
128,53,2
128,249,2
128,307,1
130,30,1
130,230,2
130,285,1
130,388,2
130,512,1
131,17,1
131,97,1
131,540,1
132,839,1
133,30,1
133,42,1
133,98,3
133,139,1
133,180,1
133,223,1
133,336,2
133,377,1
133,522,1
133,524,1
133,534,1
133,547,1
133,725,1
134,64,1
134,110,1
134,452,1
135,26,6
135,76,6
135,170,6
135,196,2
135,377,1
135,444,2
135,512,1
137,91,1
138,268,2
138,303,1
138,488,1
141,58,1
141,97,3
141,385,2
142,23,1
142,32,1
142,44,1
142,75,1
142,84,1
142,98,2
142,111,1
142,118,1
142,124,1
142,187,1
142,239,1
142,289,1
142,312,1
142,503,1
142,504,1
142,614,2
143,50,3
143,120,1
143,236,1
146,557,1
151,194,1
151,323,1
152,39,1
152,340,1
152,378,1
153,3,1
153,20,1
153,200,1
153,212,1
153,327,1
154,67,1
154,99,1
154,128,1
155,18,1
155,290,1
155,465,1
156,13,1
156,124,1
156,912,1
158,3,1
158,239,1
159,95,1
162,169,1
163,7,1
163,124,1
163,251,1
166,2,2
166,97,3
166,111,1
166,203,1
166,312,1
166,349,1
166,385,1
167,106,1
167,119,1
167,158,1
167,296,1
167,302,1
167,308,1
168,90,1
169,14,2
169,43,2
169,46,2
169,98,2
169,101,2
169,112,2
169,118,1
169,120,1
169,162,1
169,185,5
169,226,2
169,229,2
169,235,2
169,283,2
169,299,1
169,305,2
169,325,2
169,330,1
169,337,2
169,354,3
169,362,1
169,409,2
169,451,3
169,484,2
169,486,1
169,561,1
169,650,1
169,651,2
169,674,2
170,24,2
170,68,1
170,76,4
170,98,1
170,111,4
170,135,4
170,444,5
171,216,1
171,285,1
171,512,1
172,83,1
172,91,1
172,120,1
172,262,1
172,282,1
172,431,1
173,3,4
173,94,1
173,193,1
173,553,1
174,2,3
174,32,1
174,55,1
174,73,7
174,85,2
174,96,1
174,97,3
174,120,1
174,126,1
174,131,3
174,166,1
174,207,1
174,209,2
174,212,1
174,217,3
174,312,1
174,323,1
174,355,1
174,385,3
174,591,4
174,848,1
174,850,3
177,584,2
178,7,1
178,124,1
178,912,1
179,335,1
180,83,1
180,196,1
180,406,1
180,452,1
181,98,2
181,230,2
184,111,1
184,227,1
185,226,1
185,229,1
186,154,1
187,32,1
187,111,1
187,319,2
187,503,1
189,78,1
189,112,2
189,288,1
189,362,1
190,31,1
190,181,2
193,2,2
193,73,1
193,94,1
193,173,1
193,209,3
195,44,4
195,81,1
195,486,1
195,510,1
196,135,1
198,75,1
201,320,1
203,19,5
203,44,1
203,49,1
203,98,1
203,111,1
203,124,1
203,227,1
203,239,1
203,262,6
203,402,1
203,503,1
204,34,1
204,81,1
204,83,1
204,85,1
204,89,1
204,91,5
204,145,1
204,165,1
204,169,1
204,181,1
204,211,1
204,235,1
204,262,1
204,303,1
204,313,1
204,314,1
204,323,1
204,326,1
204,330,1
204,331,1
204,340,4
204,402,1
204,410,1
204,441,1
204,472,1
204,606,1
204,829,1
204,914,1
205,303,1
205,327,1
205,394,1
205,441,1
205,491,2
206,160,1
206,175,1
206,224,1
206,517,1
207,85,1
207,209,3
208,40,3
208,66,2
208,91,1
208,159,1
208,255,3
208,304,3
208,326,1
208,371,2
208,476,3
208,564,1
208,825,1
208,828,1
208,835,1
208,911,1
209,153,1
209,166,1
209,174,2
209,193,2
209,207,1
209,567,1
211,19,1
211,98,1
211,486,1
212,52,5
212,97,2
212,125,1
212,153,1
212,174,1
212,343,2
212,848,1
213,2,2
214,11,1
214,313,1
216,80,1
216,95,1
217,2,1
217,213,1
218,231,2
218,549,1
220,123,1
221,34,3
222,15,11
222,26,11
222,76,11
222,101,13
222,227,17
222,370,1
222,444,1
224,358,1
225,509,1
226,14,1
226,43,1
226,46,1
226,99,1
226,101,1
226,112,1
226,169,1
226,185,1
226,229,1
226,283,1
226,305,1
226,409,1
226,451,1
226,484,1
226,641,1
226,651,1
226,674,1
226,913,1
227,8,1
227,11,3
227,52,1
227,69,2
227,84,1
227,98,1
227,118,1
227,124,2
227,166,2
227,187,1
227,203,1
227,222,2
227,239,1
227,242,1
227,246,2
227,249,2
227,285,1
227,319,2
227,512,1
227,533,1
227,572,1
227,578,1
228,227,1
229,185,3
230,130,1
230,181,1
231,218,1
231,549,1
234,45,1
235,36,1
235,42,2
235,169,1
235,172,1
235,282,1
235,431,1
235,527,1
236,13,1
236,143,1
237,358,1
239,124,2
239,154,2
239,158,2
239,225,1
239,383,1
239,474,1
239,504,1
240,47,1
240,290,3
243,452,1
244,116,4
244,123,3
244,253,1
244,259,1
244,366,1
244,420,1
244,479,4
245,48,1
245,75,1
245,88,2
245,95,1
245,155,1
245,159,1
245,208,1
245,255,1
245,304,2
245,387,1
246,111,1
246,181,1
246,190,1
246,358,1
246,437,1
246,439,1
247,11,5
249,43,1
249,122,3
249,128,1
249,227,3
249,253,1
249,470,1
249,472,3
250,19,2
251,124,2
252,516,1
253,86,1
253,244,1
253,249,1
253,260,1
253,294,3
253,309,1
253,325,1
253,369,2
254,44,1
254,57,1
254,78,1
254,80,1
254,81,3
254,107,1
254,148,1
254,164,1
254,189,1
254,249,1
254,257,1
254,432,1
254,440,1
254,889,1
255,40,2
255,208,1
255,394,1
258,19,2
259,244,1
259,324,1
259,540,1
260,89,3
260,319,1
260,325,1
260,607,1
262,8,1
262,13,1
262,29,1
262,44,1
262,69,1
262,81,1
262,84,1
262,85,1
262,118,1
262,126,1
262,138,1
262,142,1
262,204,1
262,211,1
262,358,1
262,472,1
262,514,1
262,518,1
262,561,1
262,578,1
262,882,1
265,28,3
266,106,3
266,114,2
266,121,2
266,515,2
269,574,1
271,124,1
272,484,1
281,98,1
281,312,1
281,456,2
282,30,1
282,235,2
282,262,1
282,285,1
282,400,1
283,53,1
285,19,1
285,75,2
285,111,1
285,117,1
285,124,1
285,130,1
285,171,1
285,227,1
285,262,1
285,318,1
285,437,1
285,614,1
288,74,1
289,325,1
289,388,1
289,665,1
290,240,3
292,64,1
292,110,1
293,97,2
294,253,2
294,288,1
295,102,1
296,825,1
297,138,1
297,303,1
299,19,1
299,20,1
299,75,1
299,153,1
299,169,1
299,176,1
299,230,1
299,235,1
299,262,1
299,320,1
299,418,1
299,520,2
299,679,1
299,683,1
299,856,1
300,59,1
300,104,1
300,236,1
300,271,1
300,366,1
300,401,1
302,106,1
302,158,1
302,296,2
305,43,3
305,169,1
305,354,1
305,561,1
309,368,1
310,18,1
310,214,2
310,462,2
311,310,2
312,11,1
312,44,1
312,45,1
312,85,1
312,87,1
312,124,1
312,137,1
312,142,1
312,166,1
312,239,1
312,269,1
312,281,1
312,319,1
312,463,1
312,578,1
312,910,1
313,19,1
313,201,1
314,91,1
314,96,1
315,325,2
317,93,1
319,11,1
319,87,1
319,98,1
319,118,1
319,187,1
319,227,1
319,242,1
319,312,1
319,338,1
319,474,1
319,486,2
319,614,1
323,72,3
323,81,1
323,112,1
323,151,1
323,393,1
323,402,4
323,442,1
324,373,1
325,64,1
325,260,1
325,289,1
325,315,1
326,75,1
326,81,2
326,118,1
326,187,1
326,230,1
326,402,1
326,625,1
326,650,1
326,825,1
329,288,1
329,294,1
330,34,1
330,169,1
330,307,1
332,95,1
332,224,1
332,450,1
332,508,1
332,517,2
332,571,2
332,579,1
333,175,1
333,181,2
333,199,1
333,264,1
333,274,1
333,332,1
333,398,1
333,541,1
333,598,1
333,600,1
335,179,1
337,43,1
338,319,1
338,334,1
340,204,2
343,153,1
345,86,1
345,325,1
346,87,6
349,17,2
349,58,2
349,166,1
349,198,1
349,355,2
350,56,4
350,165,2
350,294,3
350,425,1
351,552,3
354,101,1
354,169,2
354,305,3
355,33,1
355,349,2
358,31,1
358,60,2
358,224,1
358,237,1
358,246,1
358,264,1
358,420,1
358,421,1
358,529,1
358,535,1
358,593,1
358,615,1
358,650,2
362,98,1
362,189,1
366,124,1
366,244,1
366,383,1
366,544,1
368,309,1
369,127,1
369,253,1
377,135,1
377,170,1
377,685,1
378,152,1
380,40,1
382,60,1
382,190,1
382,274,1
382,374,1
382,391,1
382,420,1
382,450,1
385,97,2
385,131,2
385,174,2
385,591,2
385,850,2
387,303,1
387,445,2
388,130,1
388,289,1
392,105,1
394,205,1
395,299,1
395,520,1
398,60,1
398,333,1
398,405,1
399,256,1
399,333,1
399,398,1
399,405,1
399,426,1
399,439,1
399,460,1
399,593,1
399,618,1
400,282,1
401,104,1
401,124,1
402,203,5
402,323,1
402,326,1
405,60,1
405,398,2
411,151,1
411,521,1
412,282,1
412,854,1
415,13,1
415,124,1
420,244,1
420,590,1
422,104,1
422,124,1
425,703,1
428,158,1
430,158,1
431,172,1
431,282,1
432,78,1
432,81,2
432,288,1
435,103,5
437,111,1
440,254,1
441,153,2
441,204,1
441,205,1
442,72,1
442,91,1
444,15,3
444,24,3
444,26,2
444,68,1
444,76,2
444,87,5
444,135,3
444,170,2
444,197,4
444,370,5
444,500,1
444,569,5
445,387,1
445,469,1
450,190,1
451,14,1
451,53,1
451,101,1
451,165,1
451,226,1
451,283,1
451,364,1
451,409,1
451,432,1
452,36,1
452,134,1
452,150,1
452,180,1
452,243,1
452,292,1
452,331,1
452,433,1
453,277,1
458,116,3
459,250,1
459,255,1
459,303,1
459,309,1
459,666,1
459,844,1
460,60,1
460,75,1
460,516,1
463,67,4
463,195,4
463,249,1
463,470,5
465,155,2
470,249,1
472,98,1
472,249,3
474,233,1
474,239,1
474,319,1
474,477,1
479,244,1
484,103,1
484,185,1
484,272,1
486,91,1
486,169,1
486,195,1
488,138,1
488,260,1
488,705,1
503,222,3
505,120,1
505,134,1
510,195,1
512,32,1
512,75,1
512,91,1
512,98,1
512,118,1
512,130,1
512,135,1
512,171,1
512,187,1
512,227,1
512,289,1
512,312,1
512,437,1
512,503,1
512,665,1
513,343,1
514,262,1
516,460,1
517,332,1
518,83,1
518,172,1
520,299,1
522,22,2
522,30,1
523,1,1
523,296,2
528,58,1
529,618,1
532,77,1
532,632,1
540,131,1
540,324,1
540,477,1
540,543,1
549,831,1
557,35,2
557,38,2
557,103,2
557,145,2
557,146,2
567,97,1
570,137,1
571,181,1
571,398,1
572,101,1
580,626,1
580,701,1
584,177,1
585,37,1
585,539,1
590,123,1
590,420,1
593,358,1
596,308,1
597,64,1
598,264,5
598,535,1
598,571,3
617,716,1
622,373,1
623,319,1
624,413,2
625,326,1
626,334,1
627,862,1
