"FROM","TO","SIZE"
1,149,2
1,296,2
1,443,2
2,73,40
2,94,3
2,97,7
2,153,2
2,166,3
2,173,13
2,174,6
2,193,14
2,198,3
2,213,2
2,217,6
2,239,1
2,243,1
2,298,1
2,355,2
2,378,2
2,857,5
3,20,2
3,153,4
3,302,1
4,224,1
6,31,1
6,274,1
7,163,3
7,271,3
7,436,1
8,19,1
8,54,1
8,106,4
8,158,2
8,263,1
8,278,3
8,308,1
8,311,1
8,410,2
8,506,1
8,832,1
9,25,1
9,84,1
9,121,1
9,443,1
9,556,1
10,44,1
10,53,1
10,82,1
10,99,1
10,128,1
10,154,1
10,186,2
10,202,1
10,232,1
10,248,1
10,276,2
10,307,1
10,322,1
10,330,1
10,384,1
10,433,1
10,447,1
10,480,1
11,41,5
11,79,5
11,201,5
11,214,5
11,270,5
11,310,5
11,313,5
11,316,5
11,334,5
11,360,5
11,367,5
11,446,5
11,479,5
11,605,5
11,828,5
13,126,1
13,156,1
14,101,12
14,216,2
14,674,3
15,76,7
15,222,8
17,166,1
17,293,1
17,349,1
17,447,2
18,47,1
18,138,1
18,200,1
18,216,1
18,268,1
18,290,1
18,424,1
19,8,1
19,44,1
19,68,1
19,69,4
19,72,1
19,83,1
19,97,2
19,132,1
19,145,2
19,151,1
19,171,2
19,212,1
19,235,1
19,250,1
19,253,1
19,258,2
19,262,2
19,268,3
19,285,1
19,288,1
19,325,1
19,899,1
20,134,1
20,201,1
22,9,2
22,30,3
22,32,1
22,34,1
22,180,1
22,285,2
22,336,1
22,377,2
22,383,1
22,518,2
22,522,1
22,534,1
22,547,1
22,725,2
23,227,4
24,444,2
25,121,2
25,512,6
26,24,1
26,76,1
26,370,1
27,8,3
27,106,3
27,114,3
27,372,2
27,496,2
27,515,3
28,46,4
28,53,6
28,101,2
28,265,8
30,22,1
30,32,1
30,83,3
30,120,1
30,282,8
30,336,1
30,376,1
30,522,6
30,524,1
31,6,1
31,181,1
31,220,3
31,460,2
32,22,2
32,30,1
32,64,2
32,73,1
32,76,2
32,96,1
32,109,1
32,120,1
32,180,1
32,187,4
32,196,1
32,269,2
32,303,1
32,309,1
32,312,2
32,314,1
32,323,1
32,373,1
32,385,1
32,403,1
32,410,1
32,411,1
32,441,1
32,486,2
32,547,1
32,853,1
32,898,1
33,34,15
33,355,2
34,5,4
34,9,11
34,22,3
34,33,17
34,37,1
34,51,1
34,81,1
34,84,1
34,89,1
34,91,1
34,98,3
34,102,3
34,150,4
34,169,1
34,181,1
34,221,5
34,235,1
34,278,1
34,313,1
34,326,1
34,330,1
34,331,1
34,472,1
34,545,4
34,561,5
34,602,1
34,606,1
34,640,1
34,825,1
35,144,1
36,285,1
37,34,1
37,139,3
37,341,1
37,420,1
37,596,1
38,35,2
38,103,1
38,145,1
38,146,1
38,280,1
39,378,1
40,66,1
40,176,1
41,413,1
41,575,1
41,605,2
42,280,1
42,285,1
42,383,1
42,466,2
42,468,4
42,694,1
43,53,1
43,101,1
43,112,1
43,169,5
43,185,1
43,305,3
43,409,3
43,674,1
44,10,1
44,19,1
44,57,8
44,78,11
44,80,10
44,81,13
44,122,8
44,148,12
44,164,10
44,171,1
44,189,16
44,195,11
44,239,1
44,242,1
44,249,11
44,254,10
44,257,9
44,432,9
44,440,12
44,840,8
44,841,8
45,97,1
45,234,3
46,28,2
46,101,1
46,279,2
47,18,1
47,80,4
47,87,1
47,200,3
47,277,1
48,79,1
48,88,1
48,89,1
48,110,1
48,134,6
48,231,1
48,238,1
48,292,1
48,299,1
48,325,1
48,360,1
48,419,1
48,475,3
48,478,1
48,827,1
48,828,1
48,831,1
49,13,1
49,402,1
50,143,1
50,150,2
50,194,1
50,267,1
50,283,1
50,401,1
50,590,1
50,853,1
51,187,2
52,125,1
52,212,6
53,28,3
53,43,1
53,101,1
53,128,5
53,232,1
53,271,3
53,276,4
53,283,1
53,364,2
53,409,1
53,451,2
54,74,1
54,138,1
55,217,3
56,84,2
56,197,1
56,294,1
56,350,1
56,537,1
57,122,1
57,257,5
57,440,3
58,17,1
58,33,1
58,55,1
58,115,1
58,207,2
58,215,3
58,243,3
58,349,2
58,355,3
59,7,1
59,77,1
59,126,3
59,236,2
59,251,2
59,271,3
59,300,3
59,366,2
59,401,2
59,436,1
60,4,1
60,176,1
60,274,1
61,225,1
61,235,3
61,285,1
62,117,4
62,318,4
62,492,1
64,32,2
64,76,2
64,111,2
64,176,1
64,187,1
64,197,1
64,262,1
64,268,2
64,289,1
64,309,1
64,320,2
64,437,1
66,40,1
69,19,8
69,130,1
69,262,1
70,183,5
72,19,2
72,323,2
72,393,1
73,2,20
73,85,1
73,141,1
73,173,5
73,174,6
73,193,3
73,213,1
73,217,3
73,262,5
73,857,1
74,54,2
74,454,1
75,66,1
75,83,2
75,91,1
75,111,1
75,184,2
75,204,1
75,208,1
75,255,1
75,378,1
75,442,1
76,15,8
76,24,4
76,26,6
76,32,6
76,64,5
76,135,3
76,170,4
76,222,6
76,312,6
76,370,1
76,376,1
76,444,4
77,262,1
77,300,1
77,436,1
78,44,4
78,57,1
78,74,1
78,81,1
78,99,1
78,148,3
78,164,1
78,169,1
78,189,1
78,248,1
78,257,1
78,330,1
78,409,1
78,432,1
78,440,1
78,472,1
79,134,1
79,828,2
80,47,3
80,81,1
80,95,2
80,122,4
80,216,2
80,525,2
81,11,1
81,34,1
81,44,12
81,57,1
81,78,1
81,80,1
81,98,3
81,122,4
81,148,1
81,164,1
81,189,4
81,195,10
81,249,1
81,253,1
81,254,1
81,440,1
83,19,1
83,30,4
83,75,2
83,172,8
84,9,1
84,56,2
84,121,1
84,150,1
84,165,1
84,341,1
84,347,2
84,537,1
85,58,1
85,73,1
85,77,1
85,97,1
85,126,2
85,131,1
85,145,1
85,174,1
85,316,1
85,323,1
85,394,6
85,402,1
86,191,4
87,47,1
87,93,2
87,102,2
87,191,4
87,218,1
87,231,2
87,240,2
87,277,2
87,317,1
87,331,3
87,346,1
87,356,1
87,407,1
87,428,1
87,444,1
87,453,1
87,455,1
87,507,1
87,525,2
87,543,1
87,549,1
87,612,1
87,726,3
87,827,2
88,138,1
88,208,1
88,303,1
88,304,1
88,371,1
88,491,1
88,836,1
89,120,6
89,134,3
89,216,6
89,238,3
89,253,3
89,260,4
89,299,3
89,325,2
89,326,1
89,331,3
89,342,1
89,462,7
89,486,1
89,527,3
89,546,1
89,607,1
90,168,2
91,98,1
91,100,1
91,118,1
91,184,1
91,188,3
91,204,3
91,227,1
91,235,2
91,314,1
91,326,1
91,402,1
91,414,1
91,650,1
92,91,1
92,100,1
93,87,2
93,205,5
93,455,1
94,2,3
94,73,2
94,193,1
94,213,2
94,217,1
95,80,1
95,216,1
95,504,1
96,103,1
96,312,1
97,2,6
97,17,5
97,19,3
97,73,1
97,103,7
97,131,3
97,151,1
97,166,5
97,174,1
97,183,1
97,212,1
97,215,2
97,254,1
97,293,5
97,526,1
97,591,1
98,34,1
98,81,3
98,85,1
98,91,1
98,111,1
98,124,1
98,142,1
98,169,1
98,184,1
98,195,4
98,250,1
98,263,1
98,303,1
98,312,2
98,314,1
98,373,1
98,410,1
98,430,1
98,443,1
98,472,4
98,486,2
98,547,1
98,853,1
100,91,1
100,92,1
100,326,1
101,14,8
101,28,1
101,46,2
101,53,1
101,162,1
101,185,1
101,187,3
101,222,6
101,674,2
102,34,3
102,191,1
102,295,1
103,35,1
103,97,3
103,195,1
104,401,1
105,378,2
106,8,2
106,27,1
106,114,1
106,119,1
106,121,1
106,158,3
106,167,1
106,266,1
106,302,3
106,515,1
109,32,1
109,312,1
110,116,1
111,64,3
111,75,4
111,96,2
111,98,4
111,147,1
111,170,4
111,177,4
111,179,3
111,184,4
111,187,1
111,203,2
111,239,3
111,312,3
111,411,2
111,456,1
111,494,3
111,503,1
111,848,4
111,869,1
112,43,1
112,44,1
112,189,1
112,674,1
113,237,1
113,421,1
115,58,1
115,166,1
116,16,4
116,95,4
116,110,6
116,244,2
116,295,1
116,381,3
116,419,1
116,458,5
116,549,3
117,19,2
117,62,1
117,166,2
117,195,1
117,262,3
117,318,1
117,486,1
117,492,1
117,538,3
118,91,2
118,187,1
118,204,2
118,211,1
118,239,1
118,323,1
118,486,1
119,92,2
119,106,2
119,149,2
119,158,2
119,188,2
119,296,2
119,390,2
119,443,2
120,30,1
120,89,3
120,145,1
120,181,1
120,210,1
120,235,1
120,239,1
121,266,5
122,57,2
122,80,5
122,81,1
122,148,1
122,249,3
123,244,3
123,511,1
123,590,1
124,7,1
124,126,1
125,212,1
126,7,1
126,13,4
126,59,3
126,77,3
126,104,1
126,124,3
126,174,1
126,236,1
126,239,1
126,300,3
126,415,1
126,436,1
127,253,1
127,423,3
128,53,4
128,67,1
128,99,1
128,154,4
128,186,1
128,232,1
128,248,1
128,249,1
128,276,1
128,322,1
128,375,1
128,433,1
128,447,1
130,69,1
130,268,1
130,282,1
130,437,2
130,449,1
130,474,1
130,514,1
131,97,2
131,174,1
131,212,1
131,215,1
131,591,1
132,19,2
132,235,3
132,285,4
132,388,1
132,839,3
133,42,1
133,139,2
133,725,3
134,89,2
134,325,1
135,26,2
135,76,3
135,170,2
137,91,1
137,443,1
138,18,1
138,54,2
138,176,1
138,268,2
138,297,4
138,303,4
138,387,2
138,445,1
138,594,1
139,37,2
139,133,2
141,58,3
141,174,1
141,355,1
142,23,3
142,98,4
142,118,4
142,187,5
143,50,1
143,100,1
143,114,2
143,538,3
145,146,1
145,183,1
146,38,2
146,145,1
148,44,1
148,78,1
148,440,2
149,158,2
149,523,2
150,550,1
150,561,2
151,19,1
151,97,1
151,323,1
151,379,1
151,411,1
152,39,2
152,340,2
152,378,2
153,2,4
153,3,7
153,20,1
153,59,1
153,249,1
153,282,3
153,327,1
153,334,1
153,345,2
153,411,5
153,441,7
153,498,1
153,592,2
155,465,2
156,59,1
156,178,1
156,251,1
156,418,1
156,436,1
158,8,1
158,106,1
158,119,1
158,138,2
158,301,1
158,308,1
158,544,1
160,252,1
160,516,1
160,587,1
162,262,1
163,7,4
163,178,4
163,436,1
165,56,1
165,182,1
165,225,2
165,240,1
165,253,1
165,289,1
165,294,3
165,350,1
165,537,1
166,2,4
166,55,2
166,73,1
166,76,1
166,97,1
166,111,2
166,115,1
166,131,2
166,141,1
166,174,2
166,203,1
166,207,2
166,343,3
166,349,1
166,513,1
167,106,2
167,119,2
167,158,2
167,296,2
167,302,2
167,308,2
168,39,2
168,49,2
168,90,3
168,105,2
168,108,2
168,203,3
168,348,2
168,378,2
168,392,2
168,402,4
168,404,4
168,469,2
168,514,2
168,699,2
168,701,2
168,878,2
168,883,2
168,900,2
169,98,1
170,24,2
170,76,4
170,111,5
170,135,5
170,147,3
170,370,1
170,444,4
170,533,1
171,480,1
171,534,1
172,83,6
172,503,1
173,2,8
173,3,3
173,73,3
173,174,1
173,193,1
174,2,6
174,55,3
174,58,2
174,73,8
174,85,7
174,97,1
174,131,1
174,141,1
174,166,3
174,173,1
174,207,2
174,212,3
174,217,9
174,298,2
174,343,1
174,349,1
174,355,3
174,486,1
174,591,1
175,274,4
175,391,3
176,40,1
176,190,1
176,194,1
176,202,1
176,208,1
177,111,1
177,151,1
177,194,1
178,163,3
178,609,1
179,239,1
181,31,2
181,91,2
181,120,1
181,252,3
181,289,1
181,650,1
182,165,1
182,624,1
183,68,2
183,70,3
183,83,3
183,89,3
183,91,3
183,97,2
183,118,3
183,134,2
183,145,4
183,151,1
183,235,3
183,268,3
183,277,4
183,303,3
183,323,3
183,326,3
183,330,3
183,402,3
183,460,4
183,486,3
183,500,1
183,511,1
183,650,4
183,836,1
184,91,1
184,227,4
184,456,1
185,14,1
185,43,1
185,46,2
185,101,1
185,112,2
185,169,2
185,225,1
185,226,1
185,229,4
185,283,1
185,305,1
185,337,2
185,354,1
185,409,1
185,451,1
185,484,2
185,651,1
185,674,1
187,32,5
187,75,1
187,98,1
187,100,1
187,101,1
187,111,1
187,120,1
187,142,2
187,184,1
187,190,1
187,235,1
187,239,1
187,242,1
187,281,2
187,312,1
187,347,1
187,504,1
187,901,1
188,91,2
188,119,1
188,120,1
189,44,3
189,74,2
189,81,2
189,112,1
189,195,2
189,409,1
190,176,1
191,86,3
192,123,2
192,220,4
192,517,2
192,590,2
193,2,11
193,73,6
193,94,2
193,173,3
193,213,2
193,591,2
194,151,2
194,176,2
194,177,1
194,358,1
195,44,10
195,81,12
195,98,3
195,103,4
195,117,1
195,189,3
195,249,3
195,254,1
195,287,2
195,463,1
195,510,1
196,180,1
200,47,1
202,176,1
202,330,2
202,470,1
203,39,1
203,49,1
203,105,1
203,108,1
203,168,2
203,392,1
203,611,1
204,91,6
204,340,3
205,93,3
205,102,1
205,277,3
205,327,1
205,356,1
206,95,1
206,175,3
206,274,1
206,489,1
206,541,1
207,120,1
207,166,1
207,850,1
208,88,1
208,159,2
208,176,1
208,231,1
208,303,5
208,304,2
208,310,2
208,446,1
208,476,3
208,825,1
209,97,1
209,166,2
209,174,1
210,120,2
210,235,2
211,313,1
212,19,3
212,52,2
212,97,2
212,125,1
212,130,2
212,131,1
212,174,2
212,262,2
212,343,5
213,94,2
213,193,2
215,97,1
215,131,1
215,213,1
216,14,1
216,18,1
216,134,1
216,462,2
216,505,1
216,827,1
217,55,3
217,85,1
217,174,2
217,207,1
217,349,1
217,513,1
218,87,1
218,231,3
219,568,1
219,697,2
219,860,1
220,192,9
220,590,1
221,34,3
221,545,1
222,15,7
222,26,1
222,76,2
222,101,3
222,227,4
225,509,1
227,11,4
227,70,3
227,91,1
227,100,1
227,183,1
227,184,4
227,222,3
227,228,5
227,239,1
227,249,1
227,250,1
227,314,1
227,326,1
227,341,1
227,347,1
227,456,1
227,504,1
227,606,1
227,614,1
229,185,2
229,279,1
230,85,1
231,48,1
231,75,1
231,87,2
231,208,2
231,218,5
231,549,1
232,53,12
232,249,1
232,276,13
232,433,13
232,674,4
233,540,1
234,45,2
235,36,1
235,61,2
235,91,3
235,132,1
235,172,1
235,183,2
235,187,1
235,210,1
235,262,1
235,277,1
235,280,1
235,282,2
235,285,2
235,400,2
235,431,2
235,527,2
237,113,2
237,358,1
237,439,1
238,526,3
239,44,1
239,91,3
239,118,1
239,120,1
239,126,1
239,158,3
239,179,2
239,187,2
239,225,1
239,227,1
239,244,1
239,253,1
239,289,2
239,328,1
239,383,1
239,402,1
239,650,2
240,290,2
241,504,1
242,44,1
243,207,1
243,293,1
244,116,1
244,123,4
244,127,2
244,191,1
244,253,1
244,259,1
244,319,2
244,329,1
244,332,2
244,423,2
244,479,4
245,88,1
245,95,1
245,155,1
245,159,1
245,208,1
245,255,1
245,304,1
245,342,1
245,387,1
245,519,1
246,391,1
246,456,1
248,10,1
248,53,1
248,99,1
248,128,1
248,154,1
248,186,1
248,202,1
248,232,1
248,276,1
248,307,1
248,322,1
248,330,1
248,375,1
248,384,1
248,433,1
248,447,1
248,480,1
248,604,1
248,653,1
248,887,1
249,44,1
249,80,2
249,81,3
249,122,4
249,128,1
249,153,1
249,195,2
249,227,2
249,232,1
249,253,4
250,98,1
251,59,1
251,267,1
251,436,1
252,160,3
252,181,1
253,19,1
253,32,1
253,81,2
253,89,5
253,98,1
253,127,4
253,134,1
253,165,1
253,239,1
253,244,2
253,249,4
253,260,3
253,294,1
253,310,2
253,319,1
253,369,3
253,423,1
254,19,1
254,81,1
254,97,1
254,195,1
255,40,1
256,382,18
257,57,8
257,78,1
258,19,2
258,137,1
259,239,1
259,244,1
259,316,3
259,324,1
259,420,1
260,89,6
260,134,1
262,19,3
262,58,3
262,73,1
262,91,2
262,132,1
262,134,2
262,162,1
262,204,3
262,212,1
262,235,1
262,313,1
262,340,1
262,409,1
263,54,1
263,187,1
264,12,1
264,181,1
264,358,1
264,396,1
264,558,1
264,571,1
264,579,1
264,598,3
264,667,1
264,785,1
264,817,1
264,847,1
265,28,10
266,106,2
266,114,2
266,121,3
266,133,1
266,308,2
266,336,1
266,515,2
267,13,3
267,50,1
267,234,1
267,586,1
268,18,3
268,19,2
268,118,1
268,130,1
268,138,2
268,303,1
268,389,1
268,486,1
268,491,1
268,650,4
269,91,1
269,881,1
270,313,2
271,7,3
271,53,2
271,59,3
271,124,1
271,251,3
271,300,1
271,366,1
271,401,1
271,436,2
272,555,1
274,60,1
274,190,1
274,192,1
274,374,3
274,382,1
274,391,1
274,420,2
274,450,1
274,517,1
276,10,3
276,53,5
276,232,6
276,433,6
277,83,2
277,89,1
277,91,1
277,118,1
277,145,2
277,183,4
277,235,2
277,268,1
277,303,2
277,323,2
277,326,2
277,330,2
277,402,2
277,460,2
277,486,1
277,500,1
277,650,1
277,828,1
278,8,3
278,34,1
278,247,2
280,38,1
281,187,1
281,303,1
281,387,3
281,705,1
282,30,5
282,38,1
282,130,1
282,153,3
282,235,1
282,285,2
282,448,2
283,53,1
283,409,1
284,518,1
285,36,1
285,42,1
285,61,1
285,132,1
285,161,1
285,172,1
285,235,1
285,280,5
285,282,1
285,341,1
285,400,2
285,431,1
285,448,1
287,195,5
287,463,1
287,485,2
288,19,1
289,181,1
289,211,3
289,239,1
289,262,1
289,268,3
289,313,3
289,376,1
289,665,2
290,18,1
290,240,6
293,17,1
293,97,2
293,567,3
294,56,2
294,165,3
295,102,1
295,897,1
296,119,1
296,443,1
297,138,1
297,303,1
297,387,2
297,445,2
298,209,3
299,353,3
299,520,2
300,59,8
300,77,4
300,124,1
300,126,4
300,236,1
300,366,1
301,158,1
302,3,1
302,8,1
302,106,2
302,418,1
303,187,1
303,445,1
305,354,4
307,78,1
307,375,1
308,8,1
308,158,2
308,266,1
309,78,1
309,143,1
310,41,1
310,79,1
310,208,1
310,270,1
310,313,3
310,316,1
310,334,1
310,360,1
310,479,1
311,8,1
311,310,1
311,360,3
312,32,1
312,96,1
312,98,2
312,111,1
313,270,1
313,289,2
313,650,1
315,510,1
316,85,1
316,259,5
317,334,1
317,478,1
319,120,1
319,233,1
319,244,1
319,486,2
320,313,1
323,72,3
323,89,2
323,183,1
323,402,2
323,441,2
323,650,2
325,43,1
325,89,1
325,154,1
325,331,2
326,34,2
326,81,1
326,89,1
326,91,1
326,100,1
326,183,1
326,277,1
326,472,1
326,499,1
327,205,1
328,120,2
328,297,5
329,244,1
330,183,2
330,277,1
331,89,1
331,325,4
331,827,2
332,244,1
332,508,1
333,6,1
333,31,2
333,181,1
333,190,1
333,398,2
333,460,1
333,511,1
333,516,1
335,179,1
336,725,1
337,43,1
338,334,1
340,152,1
340,204,4
340,211,1
341,37,1
341,227,1
343,166,3
343,344,1
343,601,1
344,152,1
344,343,2
344,601,8
344,896,2
345,153,1
346,87,3
347,84,3
349,17,1
349,55,2
349,293,1
349,355,2
349,567,1
350,56,2
350,165,3
351,552,1
353,299,2
354,43,1
354,169,1
354,305,2
355,2,2
355,33,2
355,58,2
355,73,2
355,141,1
355,174,2
355,217,1
355,528,1
358,60,1
358,181,1
358,194,1
358,237,2
358,246,1
358,650,1
360,311,9
360,828,1
364,43,1
364,53,2
364,101,1
366,300,1
366,436,1
367,41,1
367,313,1
370,24,1
370,26,2
370,76,2
370,437,2
370,444,1
370,569,4
374,391,1
376,30,1
377,22,1
377,523,1
378,2,1
378,39,2
378,75,1
378,203,1
379,323,1
380,40,1
380,575,1
381,116,6
382,256,1
383,42,1
383,128,2
383,239,1
387,138,1
387,281,3
387,297,1
387,445,2
388,289,1
390,119,3
391,246,1
392,105,2
392,203,1
393,72,3
393,323,1
393,442,1
394,85,2
394,205,1
394,519,1
396,113,1
396,237,1
396,736,1
398,60,1
398,256,1
398,333,1
398,405,2
398,421,1
398,426,1
398,541,1
398,600,1
399,237,1
400,161,1
400,280,3
400,285,2
402,91,1
402,239,1
402,469,1
402,650,1
405,123,1
405,398,2
409,19,1
409,43,1
409,169,1
409,262,1
410,32,1
410,523,1
411,111,1
411,151,1
411,153,4
413,41,1
414,19,1
414,91,2
414,137,3
415,436,1
418,436,1
420,37,1
420,237,1
420,259,1
420,274,2
420,399,1
420,439,1
421,511,1
422,436,1
423,127,3
423,244,2
426,460,2
426,511,1
427,102,1
430,268,1
431,61,1
431,83,1
431,172,1
431,235,3
431,285,1
433,232,2
433,307,2
436,7,1
436,59,1
436,77,1
436,104,1
436,124,1
436,126,1
436,156,1
436,163,1
436,178,1
436,236,1
436,251,1
436,267,1
436,271,1
436,300,1
436,366,1
436,401,1
436,415,1
436,416,1
436,418,1
436,422,1
436,467,1
436,609,1
436,748,1
437,130,1
439,402,1
439,420,1
440,44,3
440,57,3
440,148,2
440,164,1
441,20,1
441,153,3
441,323,3
444,24,2
444,87,1
444,170,1
444,197,1
445,297,1
445,387,1
446,201,1
446,208,1
447,154,1
448,282,1
452,50,1
453,346,1
453,456,1
454,74,1
455,93,1
456,188,1
458,116,3
458,295,1
458,496,1
460,183,1
461,45,1
461,610,1
462,216,1
465,155,1
466,42,1
468,42,3
469,168,1
469,402,1
469,662,1
471,191,2
471,261,1
472,98,1
472,326,1
474,75,1
474,216,1
474,380,1
475,48,2
475,88,2
479,244,2
480,171,2
488,138,1
488,327,1
488,419,3
488,445,1
492,20,1
492,62,1
494,111,4
497,91,1
497,565,1
499,225,1
499,326,1
499,383,1
503,15,1
503,172,1
503,281,1
503,308,1
509,225,1
511,123,1
511,421,1
512,25,3
514,130,1
514,289,1
515,15,6
515,266,4
520,299,1
521,151,1
521,411,2
523,149,1
523,377,1
523,410,1
523,546,1
524,30,3
524,282,1
524,522,1
525,80,3
525,453,1
526,97,1
526,292,1
527,89,3
528,58,1
528,355,1
537,84,1
538,117,2
538,143,1
540,233,1
540,324,1
540,474,3
540,527,1
540,543,1
540,827,1
541,192,1
541,220,1
544,130,1
544,158,1
545,5,2
545,221,6
546,523,1
547,98,1
548,182,2
549,303,1
549,831,1
554,68,1
554,91,1
554,503,1
555,272,2
556,9,1
561,150,1
565,497,1
567,349,1
575,325,1
579,358,1
583,287,1
587,160,1
587,252,2
587,517,2
587,590,2
587,618,2
587,638,2
590,123,1
590,192,1
590,220,1
590,517,1
592,153,2
593,237,1
598,264,2
598,535,1
602,34,1
603,200,1
604,607,1
605,313,1
606,34,1
607,604,1
608,165,1
609,7,1
609,178,1
610,91,1
