"FROM","TO","SIZE"
1,158,2
1,296,1
2,73,3
2,94,1
2,97,2
2,141,2
2,152,3
2,174,1
2,193,1
2,213,1
2,217,1
2,857,1
3,20,2
3,34,1
3,120,3
3,124,1
3,153,4
3,173,1
5,84,1
5,545,1
6,333,1
6,650,1
7,124,1
7,126,2
7,271,1
8,1,2
8,19,1
8,27,2
8,54,3
8,100,1
8,106,2
8,114,2
8,119,2
8,157,2
8,158,6
8,182,2
8,247,2
8,261,3
8,262,1
8,263,2
8,278,5
8,296,2
8,302,2
8,308,2
8,311,2
8,321,4
8,389,2
8,410,3
8,482,4
8,506,2
8,523,2
8,548,2
8,603,3
8,643,2
8,645,2
8,808,2
8,825,3
8,832,2
9,84,1
9,301,6
10,44,1
10,53,4
10,82,4
10,99,4
10,122,1
10,128,4
10,154,5
10,186,4
10,202,5
10,232,4
10,248,5
10,276,4
10,307,5
10,322,4
10,330,8
10,384,4
10,433,4
10,447,4
10,480,4
10,485,4
10,908,1
11,23,1
11,41,5
11,79,4
11,98,1
11,176,1
11,201,3
11,214,5
11,227,5
11,247,8
11,270,3
11,310,2
11,313,3
11,316,5
11,328,3
11,334,4
11,360,5
11,367,4
11,427,2
11,446,3
11,479,3
11,605,1
11,636,2
11,674,2
11,677,3
11,828,4
13,77,1
13,124,1
13,126,1
13,156,1
13,267,1
14,43,1
14,101,10
14,674,4
15,26,4
15,76,6
15,222,11
15,444,3
17,58,1
17,173,1
18,40,3
18,79,2
18,88,2
18,110,2
18,138,1
18,155,1
18,200,1
18,208,2
18,216,1
18,310,1
18,424,2
18,453,1
19,22,1
19,24,1
19,32,1
19,64,1
19,68,1
19,69,1
19,72,4
19,130,1
19,132,1
19,171,1
19,211,1
19,226,1
19,235,1
19,262,1
19,268,1
19,285,1
19,288,1
19,299,1
19,828,1
20,3,1
20,38,1
20,49,2
20,82,1
20,153,3
20,177,1
20,309,2
20,441,2
22,19,1
24,26,3
24,76,3
24,87,3
24,170,2
24,318,1
25,121,4
25,512,4
26,15,1
26,24,2
26,76,2
26,135,2
26,222,1
26,312,1
26,370,3
26,444,2
26,569,2
27,8,2
27,114,1
27,372,1
27,496,2
27,515,2
28,46,9
28,53,11
28,101,3
28,265,10
30,22,1
30,83,3
30,130,1
30,139,1
30,171,1
30,282,1
30,522,5
30,524,1
32,8,1
32,11,1
32,19,1
32,29,1
32,34,1
32,64,1
32,76,1
32,83,1
32,84,1
32,87,1
32,89,1
32,111,1
32,118,1
32,120,1
32,134,1
32,165,1
32,169,2
32,180,1
32,187,4
32,210,3
32,211,1
32,235,1
32,262,1
32,281,1
32,285,1
32,303,1
32,312,1
32,313,1
32,319,1
32,331,1
32,362,1
32,486,1
32,503,1
32,512,1
32,578,1
32,606,1
32,825,1
33,34,5
33,51,1
33,132,1
34,3,2
34,5,7
34,9,13
34,19,1
34,32,1
34,33,5
34,84,1
34,91,1
34,98,3
34,117,1
34,150,6
34,221,19
34,239,1
34,326,1
34,330,1
34,545,8
34,556,1
34,561,7
34,586,1
34,606,1
34,909,1
36,235,1
36,280,1
37,420,3
37,539,2
37,585,1
38,35,1
38,103,2
38,144,1
38,145,1
38,146,1
38,147,1
39,49,2
39,90,2
39,105,1
39,108,1
39,168,1
39,203,1
39,340,1
39,348,1
39,378,2
39,392,1
39,402,1
39,404,1
39,662,4
40,18,2
40,66,1
40,281,1
41,11,2
42,21,1
42,36,1
42,61,1
42,132,1
42,133,1
42,161,1
42,172,1
42,235,1
42,280,2
42,282,1
42,285,1
42,359,1
42,400,1
42,431,1
42,466,3
42,468,1
42,562,1
42,694,1
42,712,1
42,725,1
43,14,1
43,53,1
43,112,4
43,169,5
43,185,1
43,279,2
43,305,1
43,325,1
43,342,2
43,651,1
44,10,1
44,19,1
44,57,5
44,78,4
44,80,3
44,81,13
44,107,1
44,122,5
44,148,3
44,164,3
44,189,5
44,195,11
44,249,3
44,254,3
44,257,3
44,289,1
44,432,3
44,440,3
44,840,3
44,841,3
45,108,1
45,137,1
45,234,2
46,279,1
46,337,1
47,80,3
47,87,1
48,134,3
48,475,1
49,20,1
49,130,1
49,392,1
49,402,2
51,33,1
51,75,1
51,137,1
52,125,1
52,212,5
53,28,6
53,43,2
53,67,1
53,82,1
53,101,1
53,122,1
53,128,6
53,186,1
53,226,2
53,271,2
53,276,5
53,283,1
53,322,1
53,364,2
53,451,1
53,470,1
55,17,7
55,349,1
56,84,2
56,165,1
56,197,2
56,294,3
56,350,2
56,386,1
57,122,1
57,148,1
57,257,4
57,440,1
58,85,1
58,141,1
58,174,2
58,207,1
58,298,2
58,349,2
58,355,2
58,528,2
58,591,1
58,850,1
59,126,4
59,236,4
59,251,4
59,271,3
59,300,4
59,366,3
59,401,3
59,416,1
60,274,2
60,358,3
60,529,1
61,19,1
62,117,4
62,318,4
62,492,1
63,16,1
63,429,1
63,745,1
64,19,1
64,32,6
64,76,4
64,111,2
64,130,1
64,171,1
64,176,3
64,187,1
64,197,1
64,262,1
64,268,1
64,289,1
64,312,1
64,320,2
64,376,1
64,437,1
64,665,1
65,471,2
66,40,2
67,472,1
69,437,1
70,84,1
70,100,1
70,183,5
70,227,1
70,347,1
71,356,1
71,577,1
71,697,1
72,19,2
72,85,1
72,323,7
72,393,4
72,442,3
73,2,5
73,130,1
73,173,1
73,174,6
73,262,1
73,298,2
74,16,2
74,41,1
74,79,2
74,116,2
74,231,3
74,240,2
74,288,1
74,301,2
74,334,2
74,474,2
74,478,2
74,546,2
74,575,2
74,603,2
74,839,2
75,11,1
75,30,1
75,66,2
75,69,1
75,78,4
75,87,1
75,98,1
75,111,2
75,122,2
75,246,1
75,313,1
75,453,1
75,460,1
75,472,2
75,512,2
75,827,3
76,15,3
76,24,3
76,26,2
76,32,5
76,64,4
76,68,1
76,111,1
76,117,1
76,124,1
76,135,3
76,170,3
76,222,3
76,285,1
76,312,6
76,370,1
76,444,2
76,529,1
76,616,1
76,665,1
76,904,1
77,85,2
77,124,1
77,126,4
77,394,1
77,418,1
78,44,2
78,75,3
78,81,1
78,98,2
78,148,1
78,169,1
78,272,3
78,309,1
78,362,3
78,486,1
79,11,1
79,18,1
79,110,1
79,325,1
80,47,2
80,81,1
80,95,2
80,216,3
80,249,3
81,44,11
81,78,1
81,80,2
81,98,1
81,122,6
81,189,2
81,195,9
81,249,2
82,10,2
82,20,2
82,103,1
82,154,1
82,533,1
83,30,2
83,180,3
83,223,2
83,377,1
83,518,1
83,547,1
83,725,1
84,5,2
84,9,2
84,34,1
84,56,4
84,70,2
84,98,1
84,121,2
84,150,1
84,187,1
84,221,3
84,301,2
84,347,5
84,539,2
84,545,2
84,561,2
85,58,1
85,77,1
85,98,1
85,115,3
85,126,1
85,131,1
85,174,7
85,207,3
85,217,1
85,591,1
86,102,2
86,191,2
86,201,1
86,427,1
87,93,2
87,98,2
87,102,2
87,110,1
87,143,1
87,317,1
87,428,1
87,498,1
87,726,1
87,827,1
88,18,1
88,138,1
88,155,1
88,208,5
88,240,1
88,245,1
88,304,1
88,317,1
88,371,1
88,478,1
88,491,1
89,74,1
89,98,1
89,120,4
89,134,1
89,216,3
89,235,2
89,238,1
89,253,4
89,260,2
89,299,1
89,319,1
89,402,3
89,462,1
89,474,2
89,527,2
89,607,1
90,39,2
90,49,1
90,105,1
90,108,1
90,168,1
90,203,1
90,348,1
90,378,2
90,392,1
90,402,1
90,404,1
90,469,1
90,514,1
90,611,1
90,662,1
90,699,1
90,701,1
90,878,1
90,883,1
91,188,4
91,204,4
91,326,1
93,87,2
93,102,1
93,240,1
93,428,1
94,213,1
95,80,1
95,116,4
95,216,1
95,295,2
95,590,2
96,103,1
97,2,2
97,17,1
97,21,1
97,40,1
97,45,1
97,73,1
97,101,1
97,103,6
97,118,2
97,147,1
97,166,1
97,174,3
97,254,1
97,291,1
97,293,2
97,312,1
97,385,1
97,390,1
97,486,1
97,511,1
97,526,1
97,591,2
98,11,1
98,34,2
98,78,2
98,84,2
98,87,1
98,124,1
98,133,2
98,142,2
98,145,1
98,149,2
98,165,1
98,187,1
98,253,1
98,280,1
98,298,1
98,309,1
98,312,3
98,319,1
98,330,1
98,373,1
98,377,1
98,430,1
98,441,1
98,486,1
98,492,1
98,512,2
98,547,1
98,606,1
99,10,1
99,307,1
100,70,1
100,263,1
100,591,1
100,825,1
101,14,11
101,28,3
101,97,1
101,162,2
101,222,10
101,307,1
101,674,2
102,86,2
102,87,3
103,20,1
103,82,1
103,96,2
103,97,4
103,195,5
103,435,6
104,124,1
104,126,1
105,176,1
105,203,1
105,392,1
106,119,1
106,262,1
106,499,2
106,825,1
107,44,1
107,261,1
107,757,1
108,402,1
110,18,1
110,79,2
110,87,2
110,116,1
110,134,2
110,239,1
110,325,3
110,549,1
111,32,2
111,44,1
111,64,2
111,75,2
111,96,8
111,98,2
111,147,1
111,151,7
111,170,1
111,177,8
111,179,8
111,184,2
111,187,2
111,194,7
111,203,2
111,239,1
111,323,7
111,379,7
111,393,7
111,411,8
111,442,8
111,456,1
111,494,9
111,503,1
111,521,8
111,584,7
111,830,7
111,848,3
111,869,1
112,43,1
112,189,1
112,279,4
112,305,1
113,237,1
115,85,2
116,16,16
116,74,1
116,95,11
116,110,5
116,381,12
116,419,2
116,458,2
117,8,1
117,10,1
117,11,1
117,19,1
117,29,1
117,34,1
117,44,1
117,68,1
117,69,1
117,76,1
117,78,1
117,81,1
117,83,1
117,84,2
117,85,1
117,87,1
117,89,1
117,91,1
117,106,1
117,111,1
117,124,1
117,126,1
117,142,1
117,145,1
117,147,1
117,165,1
117,166,2
117,169,3
117,174,1
117,181,1
117,203,1
117,211,1
117,235,1
117,246,1
117,250,1
117,260,3
117,262,1
117,269,1
117,281,1
117,285,1
117,299,1
117,303,1
117,309,1
117,313,1
117,314,1
117,319,1
117,323,1
117,326,1
117,330,1
117,346,1
117,362,1
117,402,1
117,463,1
117,472,1
117,486,2
117,578,1
117,606,1
117,825,1
117,829,1
118,19,1
118,91,1
118,98,1
118,120,1
118,142,1
118,181,1
118,204,1
118,239,2
118,285,1
118,326,1
118,333,2
118,402,1
120,3,2
120,30,1
120,32,1
120,83,1
120,89,3
120,91,1
120,118,1
120,130,1
120,168,1
120,172,1
120,180,1
120,188,2
120,207,1
120,210,1
120,235,1
120,282,1
120,312,1
120,400,1
120,431,1
120,474,1
120,486,1
121,25,3
121,84,2
121,106,3
121,266,10
121,301,17
122,10,1
122,57,1
122,75,1
122,80,1
122,81,3
122,249,3
122,257,1
122,276,1
122,279,1
122,384,1
123,192,3
123,220,3
123,405,1
123,420,1
123,517,1
123,590,9
124,3,1
124,98,1
124,126,6
125,52,1
125,179,3
125,418,2
126,7,1
126,59,2
126,77,2
126,85,1
126,124,3
127,260,4
128,53,2
128,99,1
128,107,1
128,154,3
128,186,1
128,232,1
128,248,1
128,276,1
128,322,1
128,375,1
128,433,1
128,447,1
130,19,1
130,69,1
130,73,2
130,120,1
130,171,2
130,180,1
130,212,1
130,230,1
130,246,1
130,289,1
130,299,2
130,360,1
130,388,1
130,431,1
130,437,3
131,85,1
131,97,1
131,141,1
131,213,1
131,355,1
131,385,1
131,536,1
131,902,1
132,33,1
132,210,4
132,280,1
132,388,6
132,839,3
133,22,1
133,30,2
133,42,1
133,98,8
133,180,4
133,223,3
133,336,3
133,377,6
133,518,1
133,522,2
133,534,2
133,547,3
134,48,2
134,79,2
134,89,4
134,110,3
134,231,2
134,238,2
134,272,1
134,292,2
134,299,2
134,320,1
134,325,2
134,360,2
134,478,2
134,827,2
134,828,2
134,831,2
135,26,3
135,76,3
135,170,3
137,19,1
137,30,1
137,32,1
137,91,1
137,133,1
137,158,1
137,176,1
137,180,1
137,223,1
137,308,1
137,312,1
137,336,1
137,377,1
137,383,1
137,443,1
137,506,1
137,518,1
137,522,1
137,524,1
137,534,1
137,547,1
137,740,1
138,18,5
138,40,4
138,66,4
138,88,4
138,95,4
138,155,5
138,158,2
138,159,4
138,176,1
138,200,4
138,205,4
138,208,4
138,245,4
138,255,4
138,268,5
138,281,5
138,290,4
138,297,7
138,303,11
138,304,4
138,327,4
138,371,4
138,387,5
138,389,4
138,394,4
138,417,4
138,445,4
138,475,4
138,476,4
138,488,5
138,491,4
138,519,4
138,594,4
138,818,4
138,834,4
138,835,4
138,836,4
138,837,4
138,838,4
141,2,5
141,58,2
141,73,1
141,174,3
141,298,4
142,23,3
142,98,7
142,118,6
142,137,2
142,187,7
142,614,1
142,825,1
143,50,3
143,234,2
143,309,1
143,440,1
143,538,1
143,586,1
144,35,1
145,98,1
148,44,1
148,57,2
148,67,1
148,78,1
148,248,2
148,409,1
148,440,1
149,98,1
149,829,1
150,556,1
150,561,2
152,2,3
152,39,2
152,340,2
152,378,2
153,3,4
153,20,1
153,180,1
153,190,2
153,205,1
153,343,3
153,411,2
153,441,3
153,498,1
154,82,1
154,325,1
155,88,1
155,138,3
155,465,1
156,163,1
156,178,2
156,251,1
156,416,2
156,418,1
158,149,1
158,308,1
160,192,1
160,206,1
160,374,1
160,391,1
160,408,1
160,439,1
160,508,1
160,516,1
160,517,1
160,543,1
160,638,1
161,235,3
161,280,7
161,285,1
161,400,1
162,226,1
163,178,1
163,436,1
165,5,1
165,56,2
165,98,1
165,294,1
165,311,1
165,350,1
165,386,1
165,425,1
165,432,1
165,451,1
165,542,1
166,55,2
166,76,1
166,97,5
166,111,1
166,117,1
166,131,2
166,174,4
166,207,3
166,298,3
166,385,1
166,456,1
166,513,1
167,106,2
167,119,2
167,158,2
167,296,2
167,302,2
167,308,2
168,402,3
168,404,2
169,14,1
169,32,1
169,43,4
169,46,1
169,78,2
169,101,1
169,112,2
169,117,2
169,162,1
169,185,4
169,225,1
169,226,1
169,229,1
169,272,1
169,283,1
169,305,2
169,330,1
169,337,1
169,354,1
169,362,1
169,409,1
169,451,1
169,484,1
169,486,3
169,651,1
169,674,1
170,24,10
170,76,14
170,111,22
170,135,18
170,147,6
170,187,1
170,370,7
170,444,16
171,10,1
171,130,2
171,131,1
171,168,1
171,216,1
171,437,2
172,235,1
173,2,1
173,17,2
173,73,1
173,94,1
173,193,2
173,194,2
173,343,1
173,481,2
173,553,1
174,2,2
174,38,2
174,58,3
174,73,2
174,85,4
174,89,1
174,97,4
174,98,1
174,145,2
174,166,1
174,183,2
174,207,1
174,209,2
174,215,2
174,217,3
174,298,5
174,347,2
174,355,1
174,486,3
174,591,2
174,650,1
174,850,8
175,60,1
175,192,1
175,220,1
175,274,1
175,426,1
175,439,1
175,517,1
175,535,1
175,541,1
175,579,1
175,615,1
175,618,1
176,11,1
176,22,1
176,60,1
176,137,1
176,180,2
176,190,1
176,247,1
176,358,1
177,411,1
177,584,1
178,163,2
178,366,1
179,111,1
179,125,3
179,335,1
180,83,1
180,133,1
180,153,1
180,196,2
180,223,2
180,363,1
180,635,1
181,91,1
181,118,1
181,230,1
181,289,1
183,70,1
184,850,1
185,14,2
185,43,2
185,46,3
185,101,2
185,112,4
185,169,4
185,226,2
185,229,3
185,283,3
185,305,2
185,337,3
185,354,2
185,409,3
185,451,2
185,484,2
185,651,2
185,674,2
186,447,1
187,32,6
187,64,1
187,70,1
187,75,1
187,130,1
187,142,2
187,171,1
187,184,1
187,227,1
187,239,2
187,289,1
187,437,1
187,456,1
187,665,1
188,91,2
189,44,3
189,81,1
189,112,2
189,470,1
190,153,1
190,176,1
191,86,3
191,102,5
191,277,1
191,471,3
192,160,1
192,220,3
193,2,4
193,73,2
193,173,3
193,213,3
193,504,1
194,173,2
194,411,1
195,44,8
195,81,6
195,103,7
195,189,1
195,287,1
195,463,1
195,510,2
196,135,1
196,180,2
197,24,4
197,56,5
197,64,4
197,176,5
197,262,2
197,376,3
197,437,4
197,444,4
197,449,3
199,181,1
200,327,2
200,488,1
201,313,1
201,479,1
202,10,1
202,53,1
202,99,1
202,128,1
202,154,1
202,186,1
202,232,1
202,248,1
202,276,1
202,307,1
202,322,1
202,330,1
202,375,1
202,384,1
202,433,1
202,447,1
202,480,1
202,604,1
202,653,1
203,39,2
203,49,1
203,90,1
203,105,1
203,108,1
203,168,2
203,378,2
203,392,1
203,469,1
203,503,1
203,514,1
203,611,1
203,699,1
203,883,1
204,91,4
204,118,1
204,152,1
204,262,1
204,326,1
204,340,3
204,580,1
204,650,4
205,20,1
205,153,1
205,240,1
205,327,4
205,394,1
205,488,1
205,705,2
205,818,1
206,95,1
206,420,1
206,489,1
207,85,1
207,166,1
207,243,1
207,850,1
208,18,6
208,40,1
208,47,3
208,79,3
208,88,3
208,102,4
208,110,3
208,134,3
208,200,3
208,240,3
208,253,3
208,255,1
208,277,5
208,303,4
208,310,3
208,326,4
208,356,5
208,380,1
208,424,3
208,453,1
208,476,2
208,549,3
208,825,1
208,828,5
208,843,4
208,852,3
209,166,2
209,174,2
209,212,1
209,213,1
209,536,1
210,32,1
210,132,5
211,289,1
212,52,2
212,125,1
212,130,1
212,209,1
212,343,1
212,848,1
213,58,1
213,193,2
214,11,2
214,316,1
215,131,1
215,174,1
215,528,1
215,591,1
215,848,1
216,80,1
216,95,1
216,171,1
216,423,1
217,2,2
217,85,1
217,94,2
217,174,2
217,298,3
218,87,1
218,231,3
219,697,3
219,862,1
220,31,1
220,95,1
221,5,2
221,34,12
221,84,1
221,118,1
221,545,2
222,15,11
222,26,4
222,76,4
222,101,5
222,227,9
223,180,1
225,61,1
225,169,1
226,103,1
227,70,1
227,100,1
227,183,1
227,184,1
227,228,2
227,249,1
227,341,1
227,347,1
227,456,1
227,463,1
227,504,1
227,614,1
229,364,1
230,242,1
231,74,2
231,87,1
231,218,2
231,549,1
232,53,10
232,276,10
232,433,10
232,674,1
234,45,1
235,36,2
235,42,1
235,89,2
235,132,1
235,172,1
235,210,2
235,239,1
235,280,4
235,299,2
235,431,1
236,59,1
236,366,1
236,401,1
236,538,1
237,48,1
237,420,1
237,615,2
238,89,1
239,91,1
239,110,1
239,118,1
239,179,2
239,187,1
239,235,1
239,285,1
239,328,1
239,373,1
239,383,1
239,389,1
240,87,1
240,290,4
242,75,1
242,181,1
242,486,1
243,207,2
244,123,2
244,127,3
244,191,1
244,253,3
244,259,4
244,423,4
244,479,5
244,501,4
247,278,2
247,613,1
248,10,2
248,53,2
248,99,2
248,128,2
248,154,2
248,186,2
248,202,2
248,232,2
248,276,2
248,307,2
248,322,2
248,330,2
248,375,2
248,384,2
248,433,2
248,447,2
248,480,2
248,604,2
248,653,2
248,887,2
249,80,6
249,81,5
249,122,4
249,128,1
249,189,1
249,195,1
249,227,1
249,232,1
249,253,2
249,375,1
251,467,17
253,89,3
253,98,2
253,127,1
253,225,1
253,244,3
253,249,2
253,310,1
253,325,1
253,369,4
253,423,1
255,208,1
256,382,7
256,399,1
257,57,9
257,78,1
259,445,1
259,469,1
259,501,2
259,540,1
260,89,2
260,117,2
260,127,3
262,8,1
262,19,1
262,73,1
262,91,2
262,106,1
262,204,1
262,268,1
262,299,1
262,319,1
264,508,2
265,28,20
266,106,1
266,114,2
266,121,3
266,515,2
267,13,1
268,486,1
268,650,1
269,98,1
270,214,2
271,178,1
272,78,1
272,134,1
274,60,2
274,190,1
274,382,1
274,420,1
274,450,2
275,137,1
275,289,1
276,10,1
276,53,5
276,232,6
276,248,1
276,433,5
276,533,1
277,205,1
278,8,3
278,187,1
278,247,1
279,283,1
279,305,3
280,98,2
280,235,2
280,282,1
280,400,2
281,18,1
281,40,2
281,66,1
281,88,2
281,95,1
281,98,1
281,138,1
281,155,1
281,159,1
281,187,1
281,200,1
281,208,1
281,245,1
281,255,1
281,290,1
281,297,1
281,304,1
281,327,1
281,371,1
281,387,3
281,389,1
281,394,1
281,417,1
281,445,1
281,475,1
281,476,1
281,488,1
281,503,1
281,519,1
281,594,1
281,705,1
282,30,3
282,172,1
282,280,1
282,320,1
282,431,1
283,279,2
284,250,1
284,844,1
285,21,1
285,36,1
285,42,2
285,61,2
285,118,2
285,132,2
285,161,2
285,172,2
285,235,1
285,239,1
285,280,10
285,282,2
285,359,1
285,400,2
285,431,2
285,448,2
285,562,2
285,694,1
285,712,1
287,195,2
287,463,2
288,19,2
288,329,1
288,362,1
288,432,1
289,181,1
289,211,1
289,388,2
290,86,1
290,155,1
290,240,3
290,488,1
292,526,1
293,97,2
293,567,1
294,56,3
294,350,2
294,425,2
295,95,1
295,208,1
296,302,1
296,825,1
297,138,2
297,303,3
297,445,1
298,2,6
298,58,7
298,73,5
298,98,1
298,141,8
298,153,1
298,166,1
298,174,9
298,207,6
298,217,7
299,19,1
299,130,1
299,235,1
299,856,1
301,9,5
301,84,2
301,121,22
302,106,1
305,14,1
305,20,1
305,43,1
305,46,1
305,101,1
305,112,1
305,169,2
305,185,1
305,226,1
305,229,1
305,279,5
305,283,1
305,309,1
305,337,1
305,354,1
305,409,1
305,451,1
305,484,1
305,651,1
305,674,1
307,99,1
308,158,1
309,20,1
309,78,1
309,98,1
309,234,1
309,362,1
309,533,1
309,561,1
310,41,1
310,79,1
310,270,1
310,313,1
310,316,1
310,334,1
310,360,1
310,479,1
311,54,1
311,165,1
311,360,3
312,10,1
312,26,1
312,32,3
312,44,1
312,58,2
312,64,1
312,69,2
312,76,5
312,81,1
312,85,1
312,97,1
312,98,4
312,111,3
312,120,1
312,124,1
312,126,1
312,131,1
312,142,1
312,145,1
312,166,4
312,171,1
312,181,1
312,184,1
312,203,1
312,211,1
312,246,1
312,269,1
312,281,1
312,303,1
312,309,1
312,323,1
312,326,1
312,330,1
312,402,1
312,437,1
312,441,1
312,456,1
312,463,1
312,472,1
312,486,2
312,503,1
312,562,1
313,11,4
313,41,1
313,75,1
313,262,1
313,479,2
313,486,1
313,650,1
316,11,4
317,87,2
317,88,1
317,334,1
317,338,1
319,89,1
319,98,2
319,117,1
320,60,1
320,134,1
320,161,1
320,165,1
320,282,2
320,353,2
320,529,1
321,8,1
321,208,1
323,72,7
323,402,1
323,411,1
323,521,1
324,373,1
325,43,1
325,79,4
325,89,1
325,110,2
325,154,1
325,169,1
325,231,1
325,253,1
325,315,1
325,330,1
325,331,1
325,342,1
325,478,1
325,682,1
326,34,1
326,91,1
326,118,1
326,183,1
326,472,1
326,486,1
326,625,2
327,205,2
328,107,6
328,120,1
328,239,1
328,297,1
330,10,2
330,98,1
330,202,1
331,87,1
331,102,1
332,12,2
332,181,2
332,264,2
332,358,2
332,396,2
332,558,2
332,571,2
332,579,2
332,667,2
332,785,2
332,817,2
332,847,2
333,6,1
333,31,1
333,118,1
333,398,1
333,460,1
333,511,1
333,516,1
336,725,1
337,43,1
338,334,1
340,39,2
340,152,1
340,204,3
341,84,3
342,43,3
343,153,1
343,907,1
344,566,4
346,87,1
347,70,1
347,84,2
349,55,1
349,355,2
350,56,7
350,165,3
350,294,3
350,425,1
351,552,1
353,299,4
353,320,1
355,145,1
355,349,1
358,181,1
358,190,1
358,246,1
358,650,1
360,11,2
360,134,1
360,230,1
360,311,6
360,313,1
363,180,1
364,11,1
364,14,8
364,43,1
364,53,3
364,101,5
364,112,1
364,226,1
364,229,1
364,232,3
364,247,1
364,283,1
364,305,1
364,409,1
364,451,1
364,641,2
364,651,1
366,59,1
366,178,1
366,251,1
366,271,1
366,401,1
369,253,1
370,26,1
370,437,1
370,569,1
373,89,1
373,98,1
375,249,2
377,98,1
377,133,3
377,545,1
378,39,2
378,49,2
378,90,1
378,105,1
378,108,1
378,152,1
378,168,1
378,203,1
378,348,1
378,392,1
378,402,1
378,404,1
380,474,1
380,906,1
381,116,2
381,905,1
382,256,1
384,533,1
385,166,1
386,56,1
387,138,1
387,281,3
387,303,2
387,445,2
388,130,2
388,289,4
389,239,1
390,28,1
390,101,1
390,107,1
390,161,1
390,164,1
390,186,1
390,248,1
390,409,1
390,903,1
392,105,2
392,402,1
393,72,5
393,96,2
393,194,2
393,323,2
393,411,1
393,442,2
393,521,2
393,584,2
394,205,1
394,818,1
395,299,4
395,418,1
396,181,1
398,333,1
398,405,3
399,256,1
399,333,1
399,398,1
399,405,1
399,426,1
399,439,1
399,460,2
400,42,1
400,280,3
402,89,6
402,98,1
402,118,1
402,323,1
402,439,1
402,650,1
405,123,1
405,398,3
405,399,1
407,453,1
409,43,1
409,189,1
409,451,1
410,8,1
410,443,1
411,72,1
411,96,1
411,111,1
411,151,2
411,153,1
411,177,1
411,179,1
411,194,1
411,323,1
411,379,1
411,393,1
411,442,1
411,494,1
411,521,6
411,553,1
411,584,1
411,833,1
411,868,1
411,869,1
415,124,1
415,126,1
418,125,1
419,116,2
420,37,1
420,60,1
420,190,1
420,237,2
420,439,2
421,511,3
423,127,5
423,216,2
423,244,4
425,294,1
425,350,2
425,537,1
425,703,1
428,87,4
428,93,1
429,137,1
430,91,1
430,98,1
430,443,1
430,650,1
431,172,2
431,235,1
433,232,2
435,103,5
436,163,1
437,265,1
437,472,1
439,402,2
441,20,3
441,98,1
441,153,3
441,357,1
442,72,1
442,96,1
442,393,1
443,390,1
444,15,20
444,24,9
444,26,8
444,68,11
444,76,8
444,87,25
444,135,8
444,170,8
444,197,20
444,370,8
444,569,9
445,259,1
445,297,2
445,303,2
445,387,3
445,469,1
451,53,1
451,165,1
451,283,1
451,364,2
451,409,2
451,432,1
453,18,1
453,87,1
454,74,1
455,87,1
458,116,1
458,295,1
458,496,1
460,31,1
460,181,1
460,399,1
463,44,1
463,67,15
463,195,21
463,287,4
463,470,15
463,472,3
463,757,1
465,155,1
469,259,1
469,445,2
470,189,1
471,65,1
471,191,1
474,120,1
474,540,1
475,48,1
475,88,1
479,313,1
479,427,1
481,173,1
482,8,1
484,185,1
486,98,1
486,326,1
488,138,1
488,281,2
488,290,2
488,303,2
488,705,2
489,205,1
489,206,1
489,327,1
489,705,1
491,836,1
492,98,2
498,87,1
498,153,1
499,269,1
503,203,1
503,281,1
506,825,1
508,160,1
508,264,3
509,225,1
510,195,1
511,618,1
512,25,1
512,98,1
516,60,1
516,160,1
516,398,1
517,274,1
522,30,3
522,524,3
523,296,3
524,30,3
524,522,1
526,97,1
527,89,3
528,215,1
530,590,1
533,617,1
536,131,1
536,591,1
537,425,1
539,37,2
539,84,2
539,150,1
539,420,1
539,561,2
539,585,3
543,160,1
543,208,1
546,325,1
547,98,2
549,110,1
549,231,1
549,831,2
550,539,1
557,888,1
561,84,1
561,309,1
565,497,1
566,344,3
566,601,3
567,293,1
571,181,1
577,697,1
584,177,1
590,95,4
590,123,6
590,192,1
590,220,1
590,333,2
594,304,1
598,264,7
598,535,4
598,571,3
606,98,1
611,49,1
612,87,1
613,247,1
614,91,1
615,237,1
616,76,1
617,533,1
618,181,1
619,89,2
620,20,1
621,713,6
