"FROM","TO","SIZE"
1,296,3
1,523,1
1,825,2
2,3,1
2,73,28
2,94,2
2,141,1
2,153,1
2,166,1
2,173,10
2,174,9
2,193,5
2,198,2
2,213,2
2,217,7
2,298,2
2,349,1
2,481,2
2,591,3
3,2,1
3,20,6
3,93,1
3,141,1
3,153,8
3,166,1
3,205,2
3,209,4
3,221,1
3,231,1
3,251,1
3,327,1
3,498,1
4,224,2
4,529,2
4,615,1
5,221,1
5,433,2
5,545,2
6,31,1
6,192,4
6,220,1
6,399,1
8,1,1
8,27,1
8,54,2
8,106,1
8,114,1
8,119,1
8,157,1
8,158,1
8,182,1
8,247,1
8,261,1
8,263,1
8,278,2
8,296,1
8,302,1
8,308,1
8,311,1
8,321,1
8,389,1
8,410,1
8,482,1
8,506,2
8,523,1
8,548,1
8,603,1
8,643,1
8,645,1
8,808,1
8,825,1
8,832,1
9,19,1
9,34,2
9,37,1
9,160,2
10,44,2
10,50,1
10,53,4
10,82,4
10,99,4
10,122,1
10,128,4
10,154,5
10,186,4
10,202,4
10,226,1
10,232,4
10,248,5
10,276,5
10,307,4
10,322,4
10,330,6
10,384,4
10,433,4
10,447,4
10,480,5
10,485,3
11,23,12
11,41,1
11,79,1
11,176,2
11,201,4
11,214,3
11,227,5
11,247,12
11,270,1
11,310,2
11,313,1
11,316,1
11,328,1
11,334,1
11,360,1
11,367,1
11,427,1
11,446,1
11,479,1
11,677,1
11,828,1
13,104,1
13,267,1
14,43,1
14,101,8
14,176,1
14,325,2
15,26,6
15,76,11
15,222,10
15,444,5
15,503,1
16,476,5
17,55,1
17,349,2
17,447,6
18,47,1
18,79,1
18,88,1
18,110,1
18,200,1
18,216,1
18,310,1
18,424,1
19,24,1
19,60,1
19,67,2
19,69,1
19,72,3
19,73,6
19,74,1
19,109,2
19,112,1
19,120,2
19,162,1
19,165,1
19,166,1
19,169,2
19,211,1
19,212,1
19,235,1
19,260,8
19,262,5
19,268,1
19,275,1
19,285,1
19,392,2
19,472,2
19,486,1
19,826,1
20,3,1
20,150,1
20,205,1
20,313,2
20,345,1
21,235,1
21,429,17
22,34,1
22,133,1
22,522,1
23,9,1
23,11,6
23,92,1
23,106,2
23,112,1
23,142,1
23,184,1
23,188,1
23,534,1
24,318,3
25,121,3
25,512,4
26,15,1
26,135,1
27,8,1
27,106,4
27,114,2
27,372,2
27,496,2
27,515,2
28,46,11
28,53,15
28,57,1
28,101,1
28,265,13
30,22,2
30,83,6
30,91,2
30,120,1
30,139,2
30,179,1
30,282,4
30,522,3
30,524,2
31,220,3
31,358,1
31,460,2
32,64,3
32,76,1
32,83,1
32,102,1
32,111,1
32,118,1
32,126,1
32,145,1
32,151,1
32,187,7
32,235,1
32,240,1
32,312,4
32,326,1
32,330,1
32,460,1
32,472,1
32,527,1
32,828,1
33,34,14
33,132,2
33,154,1
34,5,1
34,9,12
34,33,17
34,37,2
34,51,6
34,91,4
34,150,1
34,221,3
34,441,1
34,545,1
34,556,2
34,561,1
35,103,2
36,42,1
36,50,1
36,61,1
36,235,1
36,280,1
37,9,4
37,34,2
37,103,2
37,355,2
37,539,1
38,103,2
40,176,3
40,208,1
40,281,1
40,304,1
40,371,1
40,476,1
42,21,3
42,235,1
42,282,1
42,299,1
42,431,3
42,466,4
42,468,2
42,562,2
42,694,2
43,14,1
43,44,1
43,74,1
43,103,1
43,112,3
43,134,1
43,169,2
43,262,1
43,279,2
43,305,4
43,337,2
43,342,3
43,384,2
43,409,1
43,651,2
44,10,3
44,43,2
44,57,7
44,78,11
44,80,8
44,81,10
44,122,7
44,148,8
44,164,11
44,189,11
44,195,15
44,249,9
44,254,8
44,257,5
44,309,1
44,432,8
44,440,8
44,840,4
44,841,4
45,108,2
45,137,2
45,234,1
46,101,9
46,757,10
47,80,2
47,200,1
48,20,1
48,116,1
48,134,1
49,404,1
50,10,1
50,36,1
50,78,7
50,143,1
50,235,1
50,401,1
51,34,5
52,125,1
52,212,5
52,343,2
53,28,2
53,43,1
53,101,2
53,122,1
53,128,1
53,226,2
53,276,2
53,283,2
53,451,1
54,138,1
54,523,1
55,17,2
55,166,2
55,215,1
55,349,5
56,84,2
56,165,1
56,197,1
56,294,1
56,350,2
56,386,1
56,425,1
57,257,5
58,19,1
58,115,1
58,207,2
58,215,2
58,262,1
58,349,2
58,355,2
58,528,4
59,77,1
59,126,7
59,251,1
59,300,1
60,19,1
60,181,1
60,190,2
60,358,1
61,165,1
62,117,1
62,318,1
62,492,1
63,16,5
64,75,1
64,176,2
64,187,1
64,197,1
64,289,1
64,316,1
64,320,2
65,93,1
65,218,1
65,471,1
65,839,1
66,40,3
69,130,1
69,171,1
70,84,1
70,100,2
70,183,1
70,187,1
70,227,1
70,347,1
70,504,1
72,19,4
72,96,1
72,194,1
72,323,1
72,393,2
72,442,1
72,521,1
72,584,1
73,2,5
73,19,4
73,131,1
73,166,1
73,173,1
73,193,1
73,262,1
73,349,1
73,857,1
74,43,1
74,116,2
74,195,1
74,214,1
74,288,1
74,454,1
75,23,1
75,57,1
75,73,1
75,91,1
75,132,1
75,142,1
75,148,1
75,164,1
75,237,2
75,285,1
75,401,1
75,409,1
75,440,2
75,445,2
75,454,1
75,853,1
76,15,8
76,24,3
76,26,8
76,32,10
76,64,2
76,135,3
76,170,3
76,203,3
76,222,9
76,312,10
76,370,2
76,444,5
77,104,5
77,124,1
77,126,1
78,44,2
78,50,1
78,57,2
78,74,2
78,81,3
78,99,2
78,128,1
78,148,2
78,154,1
78,164,2
78,169,4
78,186,1
78,189,3
78,226,2
78,232,1
78,248,3
78,254,1
78,307,1
78,322,1
78,330,3
78,409,3
78,432,2
78,440,3
78,447,1
78,451,1
78,470,1
78,472,3
78,641,1
78,674,1
79,18,1
79,315,1
80,47,2
80,95,1
80,122,4
80,216,1
81,44,5
81,98,1
81,195,5
81,249,1
81,254,1
82,154,1
83,19,1
83,30,3
83,180,3
83,262,2
83,547,1
83,725,1
84,56,2
84,70,1
84,341,8
84,347,3
85,174,4
85,207,1
85,217,3
85,355,2
86,191,5
86,261,5
86,292,1
87,24,1
87,93,1
87,444,1
88,18,2
88,48,1
88,95,2
88,155,4
88,208,6
88,245,1
88,255,1
88,304,1
88,475,1
89,23,3
89,48,1
89,74,1
89,97,2
89,116,2
89,120,5
89,126,1
89,134,1
89,154,1
89,174,1
89,216,1
89,238,1
89,244,1
89,253,1
89,260,1
89,292,1
89,299,1
89,313,4
89,319,3
89,325,1
89,338,1
89,342,1
89,369,2
89,380,1
89,419,1
89,462,1
89,478,1
89,527,1
89,540,1
89,546,1
89,650,1
90,16,4
90,168,1
90,348,1
91,9,1
91,23,1
91,34,4
91,92,2
91,118,1
91,188,3
91,204,1
91,314,1
91,326,3
91,486,1
91,650,2
92,23,1
92,91,3
92,100,2
93,65,1
93,87,1
93,205,3
93,218,1
93,240,2
93,277,1
93,455,1
94,2,1
94,217,1
95,80,1
95,88,2
95,116,3
95,208,1
95,216,1
95,332,2
96,312,2
96,323,1
96,494,2
97,89,4
97,103,5
97,131,1
97,166,1
97,385,1
97,511,1
98,32,1
98,133,2
98,142,1
98,268,2
98,281,1
98,312,3
98,486,3
99,307,1
100,70,1
100,92,2
100,227,1
100,281,1
100,355,1
101,14,9
101,28,2
101,43,1
101,46,3
101,53,1
101,107,1
101,147,1
101,222,10
101,279,1
101,674,2
102,277,1
102,295,1
102,346,2
103,35,2
103,37,1
103,38,2
103,97,1
103,144,8
103,195,8
103,279,1
103,435,8
104,7,1
104,13,1
104,59,1
104,77,5
104,126,1
104,236,1
104,251,1
104,271,1
104,300,1
104,401,3
104,415,1
104,418,1
105,392,1
106,8,2
106,23,2
106,27,9
106,114,6
106,119,1
106,121,3
106,158,1
106,167,5
106,263,1
106,266,3
106,308,1
106,515,6
106,523,1
106,548,1
106,825,1
107,101,1
107,202,8
108,45,1
108,300,1
108,402,1
108,469,1
109,19,1
109,262,1
110,18,1
110,47,1
110,116,1
111,32,1
111,64,1
111,75,2
111,96,8
111,147,1
111,151,2
111,170,3
111,177,2
111,179,3
111,194,2
111,312,2
111,323,2
111,379,2
111,393,2
111,411,2
111,442,2
111,494,3
111,521,2
111,584,2
111,830,2
111,848,2
112,19,1
112,43,2
112,169,2
112,185,1
113,421,1
114,515,1
114,702,1
115,85,3
115,513,1
116,16,13
116,40,1
116,48,1
116,74,2
116,95,6
116,110,8
116,159,2
116,381,5
116,419,6
116,454,1
116,458,6
116,549,3
117,44,1
117,262,2
117,318,1
117,480,1
117,492,1
117,538,1
118,19,1
118,32,2
118,60,2
118,100,2
118,119,1
118,183,1
118,187,5
118,211,1
118,239,1
118,246,3
118,399,1
119,296,5
120,19,3
120,30,2
120,89,5
120,91,1
120,143,1
120,172,1
120,180,1
120,282,1
120,328,1
120,431,1
120,650,1
121,25,2
121,106,1
121,266,2
122,53,1
122,80,6
122,189,1
122,249,1
122,384,1
122,432,1
123,192,1
123,220,4
124,7,1
124,13,1
124,59,1
124,77,1
124,104,1
124,126,2
124,415,1
124,416,1
124,418,1
124,871,1
125,20,1
125,52,2
125,179,1
125,212,2
125,343,2
125,437,1
125,713,1
126,7,1
126,59,1
126,89,1
126,271,1
126,418,1
127,253,1
127,319,1
128,53,4
128,99,3
128,154,2
128,186,1
128,232,1
128,248,1
128,249,3
128,276,1
128,322,1
128,375,1
128,433,2
128,447,1
130,230,1
130,268,1
130,285,1
130,305,1
130,347,3
130,388,1
130,402,2
130,437,5
130,506,2
131,2,2
131,73,1
131,97,1
131,141,1
131,166,2
131,174,1
131,207,1
131,298,1
131,355,1
132,33,1
132,187,1
132,235,1
132,239,1
132,285,1
132,650,1
133,22,1
133,98,5
133,139,6
133,180,2
133,196,1
133,377,1
133,534,1
134,48,1
134,79,1
134,89,2
134,110,1
134,231,2
134,238,1
134,262,1
134,272,3
134,292,1
134,299,1
134,325,1
134,360,1
134,478,1
134,827,1
134,828,1
134,831,1
135,26,2
135,76,2
135,170,2
138,18,1
138,40,1
138,54,1
138,66,1
138,88,1
138,95,1
138,155,1
138,158,1
138,159,1
138,200,1
138,205,1
138,208,2
138,245,1
138,255,1
138,268,1
138,281,3
138,290,1
138,297,4
138,303,7
138,304,1
138,327,1
138,371,1
138,387,1
138,394,1
138,417,1
138,445,1
138,475,1
138,476,1
138,488,1
138,491,1
138,519,1
138,594,1
138,818,1
138,834,1
138,835,1
138,836,1
138,837,1
138,838,1
139,30,3
139,133,6
139,137,2
141,2,1
141,3,1
141,20,1
141,55,1
141,166,1
141,174,1
141,298,1
141,355,1
142,23,1
142,75,3
142,98,2
142,137,1
142,187,1
143,50,2
143,58,1
143,120,1
143,234,1
143,309,1
143,538,1
143,586,1
144,35,1
144,103,8
145,888,1
148,44,1
148,195,1
148,409,1
149,308,1
149,523,2
150,550,6
151,96,1
151,177,1
151,179,1
151,194,1
151,217,3
151,323,1
151,494,1
151,553,1
152,39,1
152,340,1
152,378,1
153,2,2
153,3,8
153,20,1
153,200,1
153,205,3
153,298,2
153,327,6
153,534,2
154,89,2
154,248,1
154,249,4
154,322,1
156,13,3
156,251,1
156,416,4
158,263,1
159,95,1
159,116,3
159,208,1
160,9,1
160,252,1
161,235,1
162,14,1
162,19,1
162,43,1
162,46,1
162,101,1
162,112,1
162,169,3
162,185,1
162,226,1
162,229,1
162,279,1
162,305,1
162,337,1
162,409,1
162,484,1
162,651,1
162,674,2
163,7,2
163,178,2
164,44,1
164,248,1
165,56,2
165,262,1
165,294,3
166,2,2
166,19,1
166,55,1
166,73,2
166,97,1
166,103,1
166,111,2
166,115,1
166,117,2
166,131,2
166,174,1
166,203,1
166,207,1
166,209,1
166,298,1
166,385,1
166,513,1
166,591,1
167,106,4
167,119,4
167,158,4
167,296,4
167,302,4
167,308,4
168,203,1
168,402,1
168,404,1
169,19,3
169,43,3
169,73,1
169,78,1
169,98,1
169,112,3
169,185,1
169,226,3
169,229,1
169,268,2
169,305,1
169,312,2
169,330,1
169,342,2
169,354,1
169,409,6
169,432,1
169,451,2
169,484,1
169,486,2
169,650,2
170,24,9
170,76,16
170,111,20
170,135,17
170,268,1
170,370,5
170,444,22
173,2,3
173,193,4
174,2,5
174,55,1
174,73,3
174,85,3
174,89,1
174,141,3
174,166,1
174,173,1
174,209,3
174,215,1
174,217,9
174,309,2
174,848,1
174,850,1
175,439,2
176,11,1
176,14,3
176,32,1
176,40,9
176,190,1
176,197,1
176,208,7
176,262,3
176,301,1
176,363,1
177,151,4
177,411,1
177,494,1
179,30,1
180,22,1
180,83,3
180,431,1
180,725,1
181,190,1
182,19,1
183,70,4
184,23,1
184,98,2
184,187,1
184,227,5
184,312,2
184,456,2
185,46,1
185,112,3
185,229,2
185,337,1
185,484,4
187,32,8
187,64,1
187,70,1
187,98,1
187,118,2
187,142,1
187,184,1
187,281,2
187,319,1
187,486,1
187,512,1
188,91,1
188,137,4
189,44,1
189,112,1
189,164,2
189,195,2
189,409,1
190,60,2
190,181,1
191,86,8
191,102,1
191,110,3
191,261,10
191,471,1
192,6,1
192,220,2
192,508,1
192,590,1
193,2,4
193,73,1
193,173,2
194,2,1
194,72,2
194,213,1
195,44,13
195,74,2
195,81,3
195,103,16
195,148,1
195,189,2
195,249,3
195,287,1
195,463,1
195,510,1
196,309,1
197,56,4
197,64,3
197,176,3
197,376,2
197,437,3
197,444,4
200,153,1
203,49,1
203,76,2
203,108,1
203,404,1
203,503,2
204,91,1
205,3,1
205,20,1
205,93,2
205,153,4
205,240,2
205,327,4
206,95,1
206,175,1
206,489,1
207,58,1
207,85,1
207,166,1
208,18,1
208,40,2
208,66,1
208,88,5
208,138,1
208,159,1
208,176,1
208,245,3
208,255,2
208,295,1
208,303,2
208,304,3
208,310,1
208,446,1
208,475,1
209,3,3
209,166,1
209,174,4
209,198,1
209,536,2
211,313,1
211,486,1
212,19,2
212,52,4
212,125,4
212,343,5
213,2,2
213,73,1
213,886,1
215,58,1
216,19,1
216,253,1
216,462,1
216,474,1
217,2,3
217,85,4
217,94,2
217,151,8
217,174,9
218,87,2
218,231,2
219,568,2
219,842,2
220,6,1
221,5,2
221,34,3
221,84,2
221,545,1
222,15,10
222,26,7
222,76,7
222,101,11
222,227,16
222,572,1
223,180,1
224,4,1
224,405,2
225,509,3
225,826,1
226,10,1
226,43,1
226,53,2
226,128,1
226,249,1
226,409,1
227,11,8
227,70,6
227,184,7
227,222,9
227,228,8
227,249,1
227,285,2
227,353,4
228,203,1
230,242,3
231,3,1
231,134,3
231,218,4
231,549,1
232,53,7
232,276,7
232,433,7
232,451,1
232,674,3
233,324,1
234,45,1
235,21,1
235,50,1
235,132,1
235,172,6
235,183,1
235,282,1
235,431,2
235,527,1
238,89,1
239,134,1
239,138,1
239,158,1
239,242,1
239,313,1
240,71,1
240,87,7
240,93,1
240,102,1
240,205,2
240,208,1
240,290,2
242,300,1
242,468,1
243,58,2
243,207,1
244,127,5
244,191,2
244,260,2
244,325,1
244,345,1
244,366,3
244,423,5
244,445,1
244,504,1
245,88,3
245,95,2
245,155,2
245,159,2
245,208,4
245,255,3
245,304,6
245,327,2
245,387,2
246,439,1
247,11,4
247,278,1
248,10,1
248,53,1
248,82,1
248,99,1
248,128,1
248,154,3
248,186,1
248,202,1
248,232,1
248,276,1
248,307,1
248,322,1
248,330,1
248,375,1
248,384,1
248,409,1
248,433,1
248,447,1
248,480,1
248,604,1
248,653,1
248,887,1
249,44,1
249,81,1
249,122,1
249,128,3
249,154,4
249,189,1
249,195,4
249,226,1
249,227,1
249,253,1
249,254,1
249,279,1
249,433,2
251,7,1
251,271,1
251,498,1
252,160,3
253,75,1
253,89,2
253,127,3
253,249,2
253,260,2
253,310,1
253,319,1
253,369,3
253,527,1
254,44,3
254,57,2
254,81,3
254,147,1
254,148,2
254,164,2
254,249,1
254,257,2
254,486,2
254,650,1
254,841,2
254,889,2
255,88,1
255,208,1
255,245,1
255,304,1
256,382,10
256,398,1
256,399,1
257,57,1
259,445,2
259,540,4
260,19,8
260,89,2
260,127,1
260,244,1
260,253,2
260,319,1
260,527,1
260,607,1
261,86,9
261,191,11
261,471,4
262,19,2
262,69,1
262,83,2
262,134,1
262,165,1
262,176,1
262,268,1
262,848,1
265,28,22
266,106,4
266,114,3
266,121,5
266,515,3
267,13,3
267,59,1
267,236,1
267,251,1
267,271,1
267,300,1
267,366,1
267,401,1
268,64,1
268,91,1
268,130,1
268,170,2
268,389,1
268,437,1
268,486,1
268,650,1
269,881,2
270,11,1
270,310,1
271,7,3
272,134,2
272,279,2
272,319,2
272,458,1
274,374,1
274,660,1
275,19,2
275,176,1
276,10,2
277,407,1
278,8,3
278,75,2
279,272,2
280,235,3
281,18,1
281,40,2
281,66,1
281,88,1
281,95,1
281,98,2
281,135,1
281,138,5
281,155,1
281,159,1
281,187,2
281,200,1
281,208,1
281,255,1
281,290,1
281,297,1
281,303,2
281,304,1
281,327,1
281,371,1
281,387,1
281,389,1
281,394,2
281,417,1
281,445,1
281,475,1
281,476,1
281,488,1
281,504,3
281,519,1
281,594,1
281,836,1
281,837,1
282,30,2
282,161,1
282,431,1
282,448,1
283,53,2
285,42,1
285,61,1
285,130,2
285,132,1
285,161,1
285,227,2
285,235,1
285,320,1
287,195,3
288,74,1
288,135,1
290,240,1
292,19,1
293,97,1
294,165,2
294,225,1
294,311,1
294,350,1
294,425,1
295,102,2
295,208,1
295,272,1
296,1,5
296,119,5
296,443,1
296,825,1
297,138,1
298,2,1
298,3,1
298,73,1
298,141,2
298,153,1
298,173,1
298,174,1
298,213,1
298,217,1
298,344,2
298,601,2
299,42,3
299,176,1
299,235,3
299,353,3
299,431,1
299,527,1
299,856,1
300,236,6
301,176,1
304,40,1
304,88,1
304,95,1
304,208,2
304,245,3
304,255,1
304,476,1
307,78,3
307,99,1
308,158,1
308,230,1
309,50,2
309,174,1
309,527,1
310,18,1
310,41,1
310,208,1
310,214,2
310,313,1
310,462,3
310,605,1
311,294,1
311,310,3
311,360,5
311,825,1
312,32,7
312,51,1
312,54,1
312,81,1
312,89,1
312,96,2
312,111,1
312,118,1
312,169,1
312,174,1
312,184,1
312,188,1
312,190,1
312,303,1
312,307,1
312,313,1
312,323,1
312,362,1
312,402,1
312,504,1
312,606,1
312,827,1
312,843,1
313,11,2
313,20,3
313,89,3
313,268,1
313,270,1
313,367,1
313,486,1
313,650,1
314,402,1
315,45,1
315,51,1
315,79,1
315,325,3
315,578,2
316,11,2
316,41,1
316,79,1
316,201,1
316,270,1
316,310,1
316,313,1
316,334,1
316,360,1
316,367,1
316,446,1
316,479,1
316,828,1
318,117,1
319,89,3
319,127,1
319,216,1
319,244,1
319,253,1
319,260,1
319,272,2
319,325,1
319,345,1
319,423,1
319,462,1
320,176,2
320,208,1
320,262,3
320,285,1
320,345,1
323,72,1
323,96,1
323,183,1
323,379,1
323,393,1
323,442,3
325,14,1
325,315,1
325,345,1
326,91,5
326,486,1
327,153,3
327,205,3
327,245,1
327,394,2
328,11,3
328,120,1
328,297,2
330,10,1
330,169,3
330,472,2
332,95,3
332,489,1
333,399,9
335,179,3
337,43,8
341,84,8
341,227,1
342,43,4
342,112,1
342,169,2
342,245,1
343,52,4
343,713,1
344,298,2
344,601,2
345,20,2
345,325,4
346,87,1
346,102,1
347,70,1
347,84,2
347,130,1
347,230,1
349,17,4
349,55,4
349,58,2
349,73,1
349,166,2
349,355,1
349,528,1
349,857,1
350,56,4
350,165,3
350,294,3
350,386,1
350,425,1
350,542,1
350,855,1
351,552,3
353,227,3
353,299,5
354,43,1
354,305,1
355,37,2
355,58,1
355,73,1
355,85,1
355,141,1
355,174,1
355,591,1
358,31,1
358,60,7
358,181,1
360,11,2
360,79,1
360,310,1
360,311,3
360,316,1
363,176,3
364,14,1
364,101,1
364,162,1
364,226,1
364,232,1
365,826,2
366,124,1
366,244,4
369,89,1
369,253,2
371,40,1
371,281,1
372,289,1
372,443,1
375,307,1
377,137,1
377,180,1
377,336,1
377,547,1
377,596,1
377,725,1
378,105,1
378,152,1
378,203,1
378,469,1
379,323,1
380,40,1
380,89,1
380,853,1
381,116,5
382,256,3
384,43,1
384,122,1
386,165,2
388,130,1
389,268,1
390,76,1
393,72,1
393,323,5
394,327,1
395,299,1
398,516,1
399,118,1
399,181,1
399,256,1
399,333,2
399,398,1
399,405,1
399,426,1
399,439,1
399,460,1
400,242,1
400,403,1
401,104,1
402,108,1
402,130,1
402,314,1
402,469,1
403,120,1
403,325,1
405,398,1
407,453,2
409,43,1
409,148,1
409,169,1
409,189,2
409,226,1
409,447,1
411,124,1
415,7,3
419,89,1
421,113,1
423,127,3
423,216,2
423,244,3
423,319,1
425,56,2
425,294,3
426,399,1
428,87,3
428,839,1
429,21,20
430,64,1
430,268,1
430,431,3
431,172,1
431,285,1
431,430,3
431,527,1
432,122,1
433,5,1
433,249,1
435,103,9
437,106,1
437,197,1
437,268,1
437,548,1
440,81,1
442,323,5
444,15,4
444,24,4
444,26,2
444,68,1
444,76,2
444,87,13
444,135,1
444,170,1
444,197,11
444,370,2
444,569,2
445,191,1
445,244,1
445,259,2
445,261,1
445,365,1
445,469,3
445,482,1
445,876,1
446,201,1
447,17,2
447,409,2
448,282,1
450,465,5
451,53,1
451,432,1
453,407,1
454,75,1
455,93,1
456,10,1
456,62,1
458,116,1
458,272,2
458,295,2
459,494,1
461,45,1
461,610,1
462,310,1
463,44,1
463,67,4
463,195,4
463,287,2
463,470,4
463,472,1
463,757,1
465,450,4
468,41,1
469,108,1
469,445,2
471,191,1
471,218,1
472,19,1
472,330,1
474,216,1
474,319,1
475,208,1
479,201,4
480,10,1
480,100,1
480,307,1
481,2,1
484,185,3
488,200,1
488,327,1
488,705,1
497,550,1
503,15,1
503,203,2
503,312,1
504,166,1
504,227,2
504,281,1
504,312,1
504,590,1
506,8,1
506,130,2
508,192,1
508,374,1
508,558,1
508,847,1
508,890,1
509,225,3
510,195,1
511,123,2
512,25,2
513,115,1
514,203,2
517,587,1
519,20,1
519,327,1
521,151,1
521,442,1
523,149,1
524,30,1
524,522,1
527,260,1
527,431,2
528,17,1
528,58,1
528,166,1
528,174,1
528,215,1
528,349,2
528,355,1
529,4,2
534,153,2
536,209,1
537,56,1
538,117,1
539,561,2
543,160,1
544,137,1
547,83,1
548,247,1
548,321,1
548,437,1
549,231,1
550,497,1
551,309,1
552,351,1
553,151,1
553,217,1
554,356,1
555,272,1
556,34,1
557,888,1
558,181,1
558,264,1
558,358,1
558,396,1
558,571,1
558,579,1
558,817,1
558,847,1
559,19,1
560,83,1
