"FROM","TO","SIZE"
1,296,3
1,413,1
2,58,2
2,73,18
2,94,1
2,131,2
2,141,2
2,153,5
2,166,1
2,173,13
2,174,7
2,193,12
2,194,2
2,213,3
2,217,7
2,239,1
2,243,1
2,293,2
2,298,4
2,355,2
2,481,1
2,513,1
2,857,1
3,97,3
3,129,2
3,153,2
3,158,1
3,166,1
3,173,1
3,209,2
3,349,1
3,354,1
3,431,3
3,716,1
4,398,1
5,545,1
6,31,2
6,192,1
6,220,2
6,460,1
7,124,1
7,163,3
7,178,4
7,415,2
8,54,1
8,158,1
8,278,2
8,281,1
8,311,2
8,389,1
8,410,1
9,84,1
9,92,1
10,53,3
10,82,3
10,99,3
10,128,3
10,154,3
10,186,4
10,202,4
10,232,3
10,248,3
10,276,4
10,307,3
10,322,3
10,330,3
10,384,3
10,433,3
10,447,3
10,480,3
10,485,2
10,604,1
11,23,8
11,41,11
11,79,9
11,176,1
11,201,11
11,214,9
11,227,4
11,247,10
11,270,9
11,310,9
11,313,7
11,316,9
11,328,8
11,334,9
11,360,9
11,367,9
11,446,9
11,479,9
11,605,9
11,677,8
11,828,9
13,126,1
13,267,2
14,101,5
14,176,3
14,279,1
14,295,1
14,674,1
15,26,4
15,76,10
15,222,12
15,444,1
15,515,1
16,63,1
16,116,2
16,476,3
17,97,1
18,40,2
18,88,1
18,240,1
18,303,1
18,424,1
19,10,1
19,24,1
19,34,1
19,43,1
19,69,10
19,109,3
19,112,6
19,169,2
19,182,1
19,210,1
19,211,1
19,216,2
19,260,2
19,262,1
19,268,2
19,275,1
19,285,2
19,330,1
19,358,2
19,850,1
20,280,2
21,429,19
23,11,1
23,44,1
23,75,1
23,89,4
23,91,1
23,158,2
23,239,1
23,313,2
23,319,1
25,512,6
26,15,1
26,24,1
26,68,1
26,76,1
26,135,3
26,222,1
26,370,3
26,569,1
27,8,2
27,106,2
27,114,1
27,372,2
27,496,3
27,515,1
28,46,5
28,53,6
28,101,2
28,265,6
28,463,1
30,19,1
30,83,4
30,91,2
30,522,4
30,524,5
31,6,3
31,190,1
31,192,1
31,220,2
31,333,3
31,460,4
31,511,1
31,516,1
32,64,4
32,76,2
32,176,2
32,187,5
32,312,2
33,34,6
34,5,6
34,9,17
34,19,1
34,22,1
34,25,1
34,33,3
34,51,3
34,84,3
34,91,1
34,98,5
34,150,5
34,221,6
34,262,1
34,312,1
34,389,2
34,532,1
34,545,6
34,561,5
36,157,1
37,539,1
38,35,1
38,103,1
38,144,1
38,239,1
40,116,1
40,208,2
40,255,3
40,281,2
40,303,1
40,304,1
40,380,2
41,413,1
42,21,2
42,466,1
42,468,1
42,562,1
42,694,1
43,11,1
43,14,1
43,53,1
43,103,1
43,112,8
43,169,2
43,255,1
43,279,1
43,305,2
43,320,1
43,354,2
43,432,1
43,651,3
43,674,1
44,10,1
44,19,1
44,23,1
44,57,6
44,78,7
44,80,8
44,81,16
44,100,1
44,122,6
44,134,2
44,148,9
44,164,11
44,189,10
44,195,26
44,227,1
44,249,9
44,254,8
44,257,6
44,262,3
44,320,1
44,432,6
44,440,7
44,463,2
44,840,5
44,841,4
45,234,2
46,757,9
47,80,3
47,277,2
48,40,1
48,54,1
48,89,1
48,95,1
48,191,1
48,245,1
48,247,1
48,299,1
48,321,1
48,342,1
48,380,1
48,381,1
48,419,1
48,445,1
48,519,1
48,523,1
48,546,1
50,36,1
50,96,1
50,313,1
51,9,1
51,34,2
51,137,1
52,125,1
52,212,4
52,227,1
52,343,1
52,437,1
52,713,1
53,28,1
53,43,1
53,82,1
53,101,1
53,364,1
54,8,1
54,75,1
54,263,1
55,17,1
55,174,2
55,198,1
55,215,1
55,217,2
55,349,1
55,848,1
56,84,2
56,153,1
56,197,1
56,350,4
56,386,1
56,425,4
57,148,1
58,2,2
58,85,3
58,174,1
58,215,4
58,312,1
58,349,1
58,355,2
58,528,5
58,591,1
59,7,2
59,77,1
59,236,2
59,251,4
59,271,4
59,300,2
59,366,2
59,401,2
60,358,3
60,382,1
60,529,1
61,235,1
61,353,5
61,400,1
62,117,1
62,492,1
63,16,4
64,32,3
64,76,4
64,111,2
64,131,2
64,197,2
64,268,1
64,289,1
64,320,2
64,376,1
64,437,2
64,449,1
64,880,1
65,218,5
65,839,2
65,843,1
67,447,1
68,312,1
69,19,12
70,183,2
71,240,2
72,19,1
72,323,7
72,393,8
73,2,13
73,75,1
73,169,1
73,173,5
73,174,1
73,193,1
73,213,1
73,217,2
73,262,1
73,857,1
74,41,1
74,116,1
74,195,1
74,319,1
74,454,1
75,23,3
75,40,1
75,54,1
75,69,2
75,73,1
75,78,1
75,91,3
75,154,1
75,169,1
75,208,1
75,237,2
75,275,1
75,281,1
75,304,1
75,330,2
76,15,13
76,24,1
76,26,12
76,32,10
76,64,3
76,130,2
76,135,1
76,166,1
76,170,3
76,171,1
76,222,11
76,255,1
76,312,10
76,370,1
76,437,1
76,444,7
76,480,1
76,562,1
76,640,1
76,694,1
77,59,2
77,85,3
77,104,2
77,126,4
77,178,1
77,251,1
78,44,1
78,148,1
78,313,1
78,318,1
78,452,1
80,44,1
80,95,3
80,216,6
81,44,6
81,80,1
81,195,3
81,254,1
82,154,1
83,30,1
83,180,1
84,9,2
84,34,1
84,56,3
84,341,5
84,347,5
85,58,1
85,72,1
85,77,5
85,115,3
85,174,4
85,207,3
85,208,2
85,217,2
85,230,1
85,242,1
85,312,1
85,327,1
85,528,1
87,65,1
87,89,1
87,231,1
87,444,3
87,827,1
88,18,1
88,48,1
88,95,1
88,155,1
88,208,1
88,216,1
88,475,1
89,11,1
89,19,1
89,23,4
89,48,1
89,74,1
89,87,1
89,116,1
89,120,3
89,134,2
89,216,2
89,238,1
89,239,1
89,244,1
89,253,1
89,260,2
89,292,1
89,299,1
89,313,1
89,325,2
89,342,1
89,380,1
89,419,1
89,462,2
89,527,1
89,540,1
89,546,1
89,650,1
90,16,2
90,168,2
90,348,1
90,378,1
91,23,1
91,34,1
91,75,1
91,92,2
91,165,1
91,188,4
91,326,1
91,544,1
92,9,1
92,30,1
92,91,3
92,100,1
92,133,1
92,137,1
92,180,1
92,223,1
92,308,1
92,336,1
92,377,1
92,383,1
92,518,1
92,522,1
92,524,1
92,534,1
92,740,1
93,65,1
93,205,5
93,277,3
93,317,1
93,507,2
93,525,1
93,877,1
94,173,1
95,88,1
95,191,1
95,205,2
95,208,4
96,97,1
96,111,1
96,151,1
96,312,1
96,323,1
96,833,1
97,2,1
97,3,2
97,17,4
97,73,1
97,96,1
97,103,28
97,131,3
97,166,2
97,198,3
97,207,2
97,209,6
97,243,1
97,293,4
97,343,1
97,385,3
97,591,4
98,34,3
98,62,1
98,81,2
98,83,2
98,111,2
98,133,1
98,142,4
98,169,2
98,184,2
98,211,2
98,235,2
98,269,1
98,312,2
98,313,2
98,330,2
98,472,2
98,486,3
101,14,4
101,28,1
101,43,1
101,46,2
101,112,1
101,147,1
101,162,1
101,185,1
101,222,3
101,226,2
101,229,1
101,283,1
101,337,1
101,409,1
101,451,1
101,484,1
101,572,1
101,651,1
101,674,1
102,277,1
102,423,3
103,97,7
103,146,1
103,176,2
103,195,5
103,279,1
103,432,1
103,435,2
103,440,3
104,77,1
104,300,1
104,401,1
106,27,2
106,114,2
106,121,1
106,167,2
106,266,1
106,515,2
108,300,1
109,19,2
109,262,2
110,116,3
110,299,1
110,663,1
111,32,1
111,44,1
111,64,2
111,75,1
111,96,5
111,98,2
111,147,1
111,151,2
111,177,3
111,179,4
111,194,3
111,203,1
111,312,2
111,323,2
111,379,3
111,393,2
111,411,5
111,442,3
111,494,4
111,499,1
111,521,4
111,584,2
111,830,4
111,848,4
112,19,5
112,43,11
112,169,7
112,185,1
113,421,4
115,58,3
115,85,4
116,16,10
116,40,2
116,48,1
116,74,3
116,95,2
116,110,12
116,381,3
116,419,9
116,454,5
116,458,8
116,549,2
117,486,1
118,19,4
118,89,1
118,91,1
118,142,1
118,143,1
118,187,1
118,246,3
118,268,1
118,313,1
118,358,3
118,486,1
118,650,1
119,296,1
119,443,1
119,523,1
120,89,3
120,168,1
120,403,1
121,25,2
121,266,1
122,165,2
123,192,5
123,206,2
123,220,5
123,405,2
123,517,2
123,590,4
124,7,1
124,13,2
124,59,1
124,85,1
124,97,1
124,104,1
124,126,1
124,145,1
124,151,1
124,174,1
124,251,1
124,271,1
124,323,1
124,402,1
124,504,1
124,650,1
125,212,5
125,343,1
126,7,2
126,59,3
126,77,2
126,104,1
126,236,1
126,300,2
126,401,1
126,415,1
126,416,1
127,253,1
128,53,1
128,249,1
128,390,1
130,76,1
130,117,2
130,166,2
130,171,2
130,268,1
130,285,1
130,437,4
130,463,1
130,857,1
131,212,1
132,19,1
132,235,1
132,285,2
132,431,6
132,839,3
133,5,1
133,83,1
133,98,2
133,180,2
133,196,1
133,308,1
133,336,1
133,383,1
133,534,1
133,545,1
133,560,1
134,44,1
134,48,1
134,79,1
134,89,1
134,110,1
134,208,3
134,231,1
134,238,1
134,292,1
134,299,1
134,325,1
134,360,1
134,419,3
134,478,1
134,827,1
134,828,1
134,831,1
135,26,1
135,76,1
135,170,1
135,368,1
138,18,1
138,40,1
138,54,2
138,66,1
138,88,1
138,95,1
138,155,1
138,159,1
138,176,2
138,200,1
138,205,1
138,208,1
138,239,1
138,245,1
138,255,1
138,268,1
138,281,1
138,290,1
138,297,9
138,303,13
138,304,1
138,327,1
138,371,1
138,387,2
138,394,1
138,417,1
138,445,1
138,475,2
138,476,2
138,488,4
138,491,1
138,519,1
138,594,1
138,818,1
138,834,1
138,835,1
138,836,1
138,837,1
138,838,1
139,180,1
142,23,2
142,98,4
142,118,2
142,187,3
143,50,3
143,231,1
143,234,2
143,309,1
143,538,1
143,586,1
144,145,1
144,162,3
145,144,1
146,103,1
147,145,1
148,57,2
148,78,1
148,195,3
148,257,1
148,279,2
151,177,1
151,411,1
152,39,2
152,213,1
152,340,3
152,378,4
153,2,4
153,3,3
153,20,1
153,56,2
153,293,3
153,327,2
153,344,1
153,441,4
153,601,1
154,248,1
154,249,2
155,88,1
155,159,3
155,245,2
155,281,1
155,304,1
155,488,2
155,519,1
156,178,1
156,251,2
158,3,1
158,23,1
158,149,1
159,155,3
159,304,1
160,175,1
160,517,1
160,543,2
163,7,2
164,44,1
165,5,1
165,19,1
165,56,1
165,122,1
165,169,1
165,176,1
165,294,3
165,311,1
165,350,3
165,362,1
165,386,1
165,402,1
165,425,1
165,542,1
165,826,1
166,2,2
166,3,1
166,19,1
166,70,1
166,76,1
166,130,1
166,147,3
166,174,4
166,198,1
166,203,2
166,215,1
166,262,3
166,349,1
166,437,1
166,513,1
167,106,5
167,119,5
167,158,5
167,296,5
167,302,5
167,308,5
167,515,1
168,90,1
168,120,1
168,348,4
168,392,3
168,404,1
169,43,1
169,112,1
169,183,1
169,185,1
169,249,1
170,24,5
170,76,7
170,111,10
170,135,11
170,147,8
170,370,3
170,444,15
171,10,1
171,114,1
171,151,1
171,312,1
171,323,1
171,463,2
172,83,1
172,235,1
172,262,1
172,431,1
173,2,8
173,3,2
173,73,2
173,94,1
173,193,10
173,553,1
174,2,6
174,58,2
174,73,2
174,85,1
174,97,1
174,131,4
174,141,1
174,166,1
174,173,5
174,193,2
174,207,1
174,209,1
174,212,2
174,217,5
174,239,1
174,293,1
174,298,1
174,349,1
174,355,3
174,402,1
174,513,3
174,848,1
174,850,5
175,160,1
175,206,1
175,391,4
175,420,1
175,504,1
176,11,3
176,19,2
176,32,2
176,40,4
176,45,1
176,52,1
176,103,5
176,165,2
176,180,1
176,182,1
176,190,1
176,197,2
176,202,6
176,208,3
176,212,1
176,216,2
176,226,1
176,263,1
176,299,1
176,320,1
176,427,1
176,578,1
176,589,2
176,602,1
177,151,1
178,77,1
178,163,3
180,84,1
180,139,1
180,196,1
180,223,1
180,383,1
182,19,1
182,825,1
183,70,1
183,78,1
183,81,1
183,169,1
183,330,2
183,472,1
184,98,2
184,147,1
184,187,2
184,227,3
185,43,1
185,46,2
185,112,3
185,176,1
185,229,3
185,337,2
185,484,4
187,32,5
187,87,1
187,118,1
187,142,2
187,184,1
187,239,2
187,281,1
187,437,1
187,463,1
188,91,1
188,137,2
189,44,2
189,195,2
189,226,1
189,249,1
190,176,1
190,246,1
190,358,2
190,374,1
191,86,1
191,95,3
191,244,4
191,261,8
191,365,2
191,423,2
191,445,1
191,471,3
191,487,4
192,31,1
193,2,6
193,73,2
193,173,14
193,174,1
194,2,1
195,20,1
195,44,26
195,74,1
195,81,2
195,103,8
195,148,2
195,189,2
195,262,1
195,287,2
195,463,1
196,91,2
196,180,1
196,223,1
196,303,1
197,24,1
197,56,2
197,64,2
197,130,1
197,176,2
197,262,1
197,376,1
197,437,1
197,444,2
197,449,3
198,17,1
198,55,1
198,97,2
198,166,1
198,209,1
198,215,2
198,293,2
198,349,1
198,591,1
198,885,1
199,333,2
201,11,3
202,10,1
202,107,1
202,154,1
202,176,1
202,330,1
202,447,1
203,39,2
203,49,2
203,90,2
203,105,1
203,108,1
203,111,1
203,166,1
203,168,1
203,239,1
203,262,3
203,285,1
203,378,2
203,392,1
203,402,1
203,469,1
203,514,1
203,611,1
203,699,1
203,701,1
203,883,1
204,91,2
205,93,5
205,95,1
205,102,1
205,240,2
205,525,1
205,818,1
206,489,1
207,85,2
207,97,2
207,131,1
207,243,1
208,40,1
208,85,2
208,88,2
208,95,3
208,134,3
208,159,1
208,240,2
208,255,1
208,277,2
208,303,2
208,304,2
208,356,1
208,446,1
208,476,1
208,828,2
209,97,2
209,131,1
209,166,1
209,174,1
209,385,2
209,536,1
212,52,2
212,125,5
212,174,1
212,343,4
213,2,1
213,73,2
215,58,2
215,355,1
216,19,2
216,80,4
216,95,2
216,423,4
216,462,1
216,827,1
217,2,8
217,55,2
217,73,5
217,85,2
217,94,2
217,174,6
217,207,1
217,349,1
218,231,3
219,568,1
219,697,1
219,842,2
220,31,2
222,15,11
222,26,4
222,76,4
222,101,2
222,227,6
223,180,2
223,196,1
224,4,1
225,61,1
225,235,1
225,285,1
225,509,1
227,11,6
227,44,2
227,52,1
227,70,4
227,184,3
227,222,5
227,228,5
227,246,1
227,249,4
227,341,1
228,227,1
229,279,2
230,242,3
230,313,1
231,3,1
231,143,2
231,218,2
232,53,6
232,101,1
232,112,1
232,226,1
232,276,8
232,283,2
232,364,1
232,433,7
232,451,1
232,674,1
233,324,1
234,45,1
235,21,1
235,42,1
235,61,1
235,161,1
235,225,1
235,285,1
236,59,1
236,267,1
236,300,1
236,366,1
236,401,1
236,874,1
237,75,1
238,89,2
239,38,1
239,89,1
239,91,1
239,138,2
239,145,1
239,158,2
239,187,1
239,203,1
239,242,3
239,253,1
239,383,1
239,402,1
239,474,1
239,486,1
239,499,1
239,504,2
239,650,2
240,87,1
240,205,3
240,208,1
240,277,2
240,290,2
240,303,1
240,356,1
240,828,1
242,85,1
242,106,1
242,134,1
242,239,3
242,268,1
242,389,1
243,58,1
243,97,3
244,95,1
244,127,4
244,191,3
244,253,2
244,260,2
244,261,1
244,423,4
244,445,1
244,479,1
244,487,2
245,48,1
245,88,1
245,304,4
247,11,3
247,674,1
249,43,1
249,44,5
249,80,2
249,81,2
249,128,2
249,154,1
249,169,2
249,189,1
249,227,5
249,330,2
249,472,1
250,486,1
250,884,1
251,77,1
251,124,1
251,126,1
251,153,1
251,271,1
251,366,2
252,160,6
253,127,3
253,244,2
253,260,3
253,310,1
253,325,1
253,369,3
253,423,5
254,44,1
254,81,1
255,40,2
257,57,7
257,148,3
259,216,2
260,89,2
260,127,1
260,244,2
260,253,5
261,86,1
261,95,1
261,191,4
261,244,1
261,471,1
261,487,1
262,8,2
262,13,2
262,19,2
262,29,2
262,44,3
262,58,1
262,69,2
262,81,2
262,84,2
262,85,2
262,109,1
262,118,2
262,126,2
262,132,1
262,138,2
262,142,2
262,166,2
262,176,2
262,203,1
262,211,2
262,268,1
262,285,1
262,431,1
262,472,2
262,518,2
262,561,2
262,578,2
262,878,1
262,882,2
263,54,1
265,28,24
266,106,2
266,114,2
266,121,3
266,515,2
267,13,2
268,64,2
268,130,1
268,230,2
268,389,1
268,430,1
268,437,1
268,486,1
269,98,1
269,881,1
270,214,2
271,53,1
271,124,1
271,251,1
271,300,1
271,366,2
271,401,1
272,279,1
272,295,1
275,19,3
275,75,1
276,10,2
276,53,1
276,82,1
276,232,1
276,433,1
277,47,1
277,93,3
277,102,3
277,205,1
277,208,1
277,240,2
277,346,3
277,356,1
278,8,1
278,247,2
278,548,3
279,229,1
280,20,1
280,36,1
280,38,1
281,8,2
281,40,2
281,70,1
281,100,1
281,155,1
281,187,1
281,503,1
282,30,2
282,522,1
283,232,1
285,19,3
285,61,1
285,132,2
285,225,1
285,235,1
285,280,1
285,562,1
285,694,1
286,97,1
287,195,5
288,424,3
290,86,1
290,240,4
292,403,2
293,153,2
294,165,2
294,350,1
295,14,1
296,1,2
296,119,3
296,302,3
296,523,1
297,138,10
297,303,6
297,387,1
298,141,1
298,209,1
298,217,1
298,827,1
299,110,2
299,235,1
299,353,1
299,431,2
299,527,2
299,679,1
299,856,2
300,108,1
300,236,5
300,436,1
302,296,3
302,515,1
302,523,2
303,138,11
303,208,2
303,240,1
303,277,1
303,297,4
303,327,1
303,356,1
303,486,1
303,488,1
303,828,1
304,40,2
304,155,1
304,245,1
304,476,1
305,43,1
307,330,1
308,92,1
308,149,1
308,158,1
310,214,2
310,311,5
310,360,1
311,8,1
311,74,1
311,165,2
311,294,1
311,310,14
311,360,6
312,32,2
312,76,1
312,85,1
312,96,1
312,98,4
312,111,1
312,268,1
312,456,1
312,562,1
313,11,2
313,20,1
313,23,1
313,61,1
313,78,1
313,79,1
313,89,1
313,169,1
313,230,1
313,367,2
313,427,1
313,486,1
314,402,1
315,512,1
315,532,1
316,85,1
317,93,1
317,205,1
317,325,1
318,24,2
318,78,1
319,74,1
319,134,1
320,305,1
320,313,1
320,345,1
320,394,1
321,247,1
323,72,7
323,96,1
323,393,1
325,317,1
325,478,1
326,91,2
326,402,1
327,85,1
327,153,1
327,303,1
327,394,1
327,519,1
329,501,1
330,10,2
330,75,1
330,81,1
330,169,2
330,249,2
330,307,1
330,472,2
331,120,1
333,31,2
333,199,1
333,399,1
333,460,4
335,179,6
336,725,1
337,43,1
341,418,1
342,43,1
342,260,1
342,305,1
343,52,1
343,125,1
343,166,1
343,212,3
344,3,1
344,153,1
344,343,1
344,601,3
345,320,1
345,325,2
346,87,1
346,277,3
348,168,1
349,3,2
349,17,2
349,55,5
349,58,1
349,166,4
349,355,1
350,56,4
350,165,3
350,294,2
350,386,1
350,425,5
350,542,1
350,855,1
351,552,2
353,61,2
353,64,1
353,299,1
354,3,1
354,43,2
355,58,1
355,100,1
355,174,1
355,215,1
358,19,8
358,60,1
358,118,1
358,181,16
358,190,8
358,650,8
360,311,12
364,14,1
364,53,3
364,232,1
364,247,2
365,191,2
366,59,1
366,251,2
366,271,1
366,401,1
368,135,2
370,24,1
370,26,1
370,76,1
370,170,1
370,437,2
370,444,1
370,569,1
372,27,2
372,443,1
377,666,1
378,90,1
378,105,1
378,152,2
378,203,1
380,40,3
380,89,1
381,116,3
382,256,1
383,153,1
383,180,1
385,97,1
385,209,2
387,138,2
387,297,2
388,130,1
388,347,1
389,34,1
389,155,1
390,9,1
390,128,2
390,443,4
391,508,3
392,19,3
392,168,1
392,262,1
393,72,2
393,194,2
394,327,1
394,519,1
395,299,2
398,4,1
399,333,2
399,398,2
399,405,1
399,426,1
399,439,1
399,460,1
402,165,1
402,203,1
402,314,1
402,323,1
402,326,1
403,120,1
403,292,2
403,369,1
403,687,1
403,879,1
405,123,1
405,256,1
405,398,2
406,180,1
406,283,1
410,247,1
410,548,1
411,442,2
411,494,1
411,533,1
413,41,5
413,74,1
416,59,1
416,126,1
416,156,1
418,7,1
418,125,3
418,126,1
418,415,1
418,416,1
419,89,1
419,116,1
419,134,3
419,274,1
423,102,4
423,127,3
423,191,4
423,216,6
423,244,3
423,253,2
425,56,2
425,350,3
427,208,1
428,87,1
429,21,22
430,91,1
430,239,1
430,443,1
430,518,1
430,650,1
431,3,3
431,19,1
431,20,1
431,132,3
431,262,4
431,299,2
432,78,1
432,103,1
432,248,1
433,249,1
433,307,1
433,533,1
435,103,2
436,300,1
437,130,3
437,171,1
437,472,1
440,57,1
440,103,3
440,164,2
441,153,1
442,411,2
444,15,3
444,24,4
444,26,2
444,68,1
444,76,2
444,87,7
444,135,1
444,170,1
444,197,9
444,370,5
444,569,5
445,191,1
445,205,1
445,244,2
445,261,1
445,365,1
445,417,1
445,876,1
446,201,1
446,208,1
447,154,1
449,197,1
450,465,6
451,364,1
452,36,1
452,78,1
454,116,2
458,116,2
461,610,1
462,74,1
463,44,1
463,67,5
463,130,1
463,195,6
463,287,2
463,470,5
463,472,4
463,757,2
464,285,2
464,466,1
465,450,4
469,105,1
469,108,1
471,191,1
471,218,1
471,261,1
472,19,2
472,81,1
472,169,1
472,330,1
472,486,1
472,505,1
474,239,1
475,48,1
475,88,1
475,138,2
475,303,3
475,519,2
486,83,1
486,98,1
486,303,1
488,138,4
488,155,3
488,303,2
489,206,1
490,531,2
494,194,1
496,20,2
496,263,2
499,111,1
499,269,1
499,383,1
501,329,1
501,533,1
503,15,1
505,472,1
506,130,1
507,93,1
509,225,2
511,123,1
512,25,3
513,166,2
513,171,1
513,174,2
515,15,1
515,702,1
516,190,1
519,245,2
519,342,2
520,299,1
521,442,1
522,282,1
523,296,1
524,30,5
524,522,1
525,205,1
526,342,1
527,89,1
527,259,1
527,299,2
527,474,1
528,58,2
528,115,2
529,60,1
530,590,1
531,2,2
531,58,4
531,73,2
531,131,1
531,174,2
531,207,2
531,286,1
531,355,2
531,591,1
532,9,1
532,34,1
532,91,1
532,119,1
532,121,1
532,137,1
532,247,1
532,296,1
532,443,1
532,457,1
532,548,1
532,808,1
532,829,1
532,832,1
533,433,1
534,313,1
534,377,1
534,460,1
534,547,1
535,264,1
535,600,1
536,131,1
536,209,1
537,425,1
538,117,1
538,143,1
539,37,1
540,233,1
541,31,1
542,165,1
543,160,2
544,119,1
545,133,1
546,89,1
