"FROM","TO","SIZE"
1,54,1
1,63,1
1,191,2
1,296,2
1,445,1
1,576,1
1,825,1
2,58,1
2,73,17
2,94,2
2,131,1
2,141,2
2,152,1
2,166,2
2,173,2
2,174,5
2,193,4
2,198,1
2,213,1
2,217,7
2,239,1
2,243,1
2,298,2
2,355,1
2,358,1
2,857,2
3,20,2
3,23,2
3,44,2
3,158,1
3,354,2
5,221,1
5,433,1
5,537,1
5,545,1
6,31,2
6,192,1
6,525,2
8,1,2
8,19,1
8,27,2
8,54,2
8,106,4
8,114,2
8,119,2
8,157,2
8,158,3
8,182,2
8,247,2
8,261,2
8,263,2
8,278,4
8,296,2
8,302,2
8,308,2
8,311,2
8,312,1
8,321,2
8,389,2
8,410,2
8,482,2
8,506,2
8,523,2
8,548,2
8,603,2
8,643,2
8,645,2
8,808,2
8,825,2
8,832,2
9,22,1
9,34,4
10,53,6
10,82,5
10,99,6
10,128,5
10,154,6
10,186,5
10,202,5
10,232,6
10,248,5
10,276,6
10,307,6
10,322,5
10,330,10
10,384,5
10,433,9
10,447,6
10,480,5
10,485,4
11,23,10
11,41,7
11,79,6
11,201,8
11,214,5
11,227,6
11,247,16
11,262,1
11,270,6
11,310,5
11,313,3
11,316,6
11,328,6
11,334,5
11,360,7
11,367,6
11,427,1
11,446,6
11,479,6
11,605,5
11,677,6
11,828,6
13,124,1
13,156,1
13,267,2
14,101,6
15,26,5
15,76,8
15,222,12
15,444,5
17,55,2
17,97,1
17,166,1
17,209,1
17,349,1
17,447,2
18,200,1
18,208,3
18,268,1
19,8,1
19,24,1
19,36,1
19,56,1
19,67,2
19,72,2
19,73,1
19,112,1
19,165,2
19,166,1
19,169,4
19,180,1
19,203,2
19,262,10
19,268,4
19,288,5
19,321,1
19,425,1
19,472,2
19,486,1
19,850,1
20,95,1
20,205,2
20,441,1
21,42,1
21,63,2
21,429,12
22,9,2
22,30,1
22,34,1
22,180,2
22,522,1
23,3,2
23,11,3
23,91,1
23,106,1
24,87,1
25,512,1
26,135,1
26,370,1
26,444,1
27,8,2
27,106,6
27,114,2
27,372,4
27,496,1
27,515,2
28,46,7
28,53,6
28,57,1
28,101,5
28,257,1
28,265,7
30,19,1
30,22,1
30,83,5
30,282,3
30,522,3
31,6,2
31,511,1
32,5,1
32,29,1
32,34,3
32,54,1
32,83,2
32,89,1
32,97,1
32,102,1
32,134,1
32,145,1
32,174,1
32,181,1
32,188,1
32,268,1
32,269,1
32,303,1
32,312,1
32,362,1
32,394,1
32,486,2
32,547,1
32,561,1
32,638,1
32,683,1
32,698,1
32,808,1
32,829,2
32,843,1
32,891,1
33,34,19
33,58,1
33,84,1
34,5,9
34,9,23
34,22,2
34,23,1
34,32,2
34,33,19
34,51,3
34,83,6
34,84,2
34,91,1
34,98,1
34,128,1
34,150,6
34,187,2
34,221,16
34,262,1
34,312,4
34,545,9
34,561,6
35,103,3
36,19,1
37,9,4
37,34,2
37,108,5
37,121,3
37,355,1
37,539,1
37,596,1
40,176,2
40,208,3
40,303,1
40,380,1
40,456,1
41,74,2
41,367,2
41,468,1
42,21,2
42,83,1
42,161,3
42,235,1
42,309,2
42,383,1
42,468,3
42,725,2
43,14,2
43,112,4
43,143,2
43,162,2
43,169,6
43,305,5
43,337,1
43,342,2
43,409,1
44,3,4
44,57,12
44,78,7
44,80,11
44,81,10
44,112,1
44,122,12
44,148,12
44,164,11
44,189,15
44,195,17
44,249,11
44,254,12
44,257,11
44,262,1
44,309,1
44,432,11
44,440,11
44,840,11
44,841,11
45,108,1
45,234,2
45,312,1
45,452,1
46,101,4
46,337,1
46,757,4
47,80,2
47,240,1
48,14,1
48,89,1
48,231,1
48,319,1
48,419,1
48,549,1
48,828,1
48,831,1
49,203,1
49,404,1
50,102,1
50,165,1
50,223,2
50,234,1
50,307,1
51,34,2
52,212,5
52,343,1
53,10,2
53,28,3
53,82,1
53,128,3
53,154,1
53,249,1
53,276,2
53,283,1
53,364,2
53,451,1
54,1,1
54,79,1
54,263,1
54,311,1
55,17,4
55,166,2
55,174,1
55,215,1
55,217,2
55,349,1
56,153,1
56,165,1
57,28,1
57,122,1
57,148,2
57,189,1
57,257,7
58,215,2
58,355,2
58,528,1
58,850,1
59,77,3
59,124,1
59,126,2
59,236,1
59,251,1
59,271,1
59,300,3
59,366,1
59,401,1
60,20,1
60,160,1
60,529,1
61,19,3
61,235,2
61,285,1
61,353,1
61,431,2
62,268,1
62,456,1
63,16,5
63,21,2
63,429,1
64,32,7
64,76,2
64,187,1
64,197,3
64,437,4
64,597,1
65,93,2
65,218,4
65,843,2
66,208,1
68,492,1
69,19,1
69,130,1
70,183,1
70,227,2
70,239,1
71,93,1
71,356,1
72,19,1
72,323,6
72,393,3
73,2,14
73,166,1
73,173,5
73,193,2
73,217,1
73,262,1
73,355,1
73,850,1
73,857,1
74,16,2
74,41,1
74,79,3
74,100,1
74,116,3
74,134,1
74,169,1
74,231,2
74,240,2
74,301,2
74,313,1
74,334,2
74,362,1
74,389,2
74,454,6
74,474,2
74,478,2
74,486,1
74,546,2
74,575,2
74,603,2
74,624,1
74,839,2
75,166,1
75,169,2
75,208,1
75,226,1
75,231,2
75,488,2
75,578,2
76,15,8
76,26,5
76,32,4
76,64,2
76,68,1
76,130,1
76,135,4
76,170,4
76,203,3
76,222,8
76,312,4
76,390,1
76,444,1
77,7,1
77,59,4
77,163,1
78,44,2
78,57,1
78,81,1
78,148,2
78,164,1
78,165,2
78,169,2
78,254,1
78,257,3
78,272,1
78,307,1
78,330,2
78,432,3
78,440,1
78,472,1
79,54,1
79,74,2
79,208,1
79,828,1
80,47,3
80,81,1
80,95,2
80,216,1
81,44,10
81,80,2
81,189,1
81,195,12
81,249,6
81,254,1
81,307,1
81,437,3
81,472,1
82,154,1
82,248,1
83,30,1
83,34,4
83,133,1
83,137,1
83,172,2
83,180,5
83,187,1
83,223,1
83,383,1
83,460,1
84,5,1
84,9,1
84,34,2
84,56,2
84,70,1
84,121,2
84,165,3
84,221,1
84,347,2
84,539,1
84,545,1
84,561,1
85,115,1
85,174,1
85,217,1
85,230,3
85,513,1
86,191,8
86,261,7
86,290,1
86,342,1
86,345,3
86,471,1
87,319,1
87,444,2
87,525,1
87,827,2
88,245,1
88,424,1
89,48,1
89,74,2
89,116,1
89,120,2
89,134,4
89,216,2
89,238,3
89,244,1
89,253,4
89,260,1
89,292,1
89,299,3
89,303,1
89,325,1
89,331,1
89,338,1
89,342,2
89,380,1
89,419,1
89,462,1
89,478,1
89,527,4
89,540,2
89,546,2
90,16,3
91,23,5
91,140,1
91,181,2
91,188,5
91,204,5
91,314,1
91,414,1
91,650,1
93,47,1
93,65,1
93,71,1
93,102,1
93,110,1
93,191,1
93,205,2
93,218,1
93,231,1
93,240,1
93,270,1
93,277,1
93,317,1
93,331,1
93,346,1
93,356,1
93,407,1
93,428,1
93,453,1
93,455,4
93,471,1
93,507,2
93,549,1
93,612,1
93,726,1
93,827,1
94,2,5
94,173,1
94,217,2
95,20,2
95,80,3
95,116,6
95,123,3
95,159,3
95,216,1
97,32,2
97,131,1
97,402,2
97,486,2
97,591,1
98,118,3
98,184,1
99,10,1
99,330,1
99,634,1
100,92,1
100,480,1
101,14,7
101,28,2
101,43,2
101,103,2
101,162,2
101,222,8
101,279,1
101,305,1
101,572,1
101,674,1
102,208,1
102,239,1
103,35,7
103,97,13
103,101,1
103,176,1
103,189,4
103,226,1
103,282,1
103,440,2
104,124,1
104,401,2
105,203,2
106,27,4
106,114,1
106,167,1
106,302,6
106,515,1
108,37,4
108,45,1
108,152,1
108,262,1
108,348,1
110,116,2
110,577,2
110,663,1
110,828,1
111,35,1
111,75,2
111,96,11
111,98,1
111,151,8
111,170,1
111,177,7
111,179,7
111,194,7
111,312,1
111,323,8
111,379,7
111,393,7
111,411,9
111,442,7
111,494,7
111,521,7
111,584,7
111,830,7
111,848,1
111,857,1
112,43,1
112,44,1
112,305,5
113,421,2
114,106,1
116,16,21
116,48,2
116,95,14
116,110,6
116,134,1
116,159,2
116,244,1
116,381,10
116,419,2
116,424,1
116,445,1
116,458,2
117,19,5
117,68,1
117,130,1
117,166,2
117,171,1
117,262,1
117,486,1
117,492,2
117,513,3
117,538,3
118,32,2
118,98,2
118,120,2
118,181,2
118,187,3
118,203,1
118,239,2
118,246,3
118,319,2
118,402,2
119,296,2
120,83,1
120,118,2
120,172,1
120,207,2
120,235,2
120,328,1
120,400,2
120,431,2
120,505,1
121,25,3
121,37,3
121,106,3
121,266,2
122,57,1
122,276,1
123,95,5
124,13,1
124,59,1
124,126,1
124,271,1
126,7,1
126,13,1
126,59,2
126,77,1
126,104,1
126,124,1
126,300,1
126,415,1
126,416,1
126,418,1
127,216,1
127,253,2
127,260,1
128,10,1
128,34,1
128,43,1
128,53,1
128,67,1
128,99,2
128,107,1
128,154,4
128,226,3
128,249,1
128,307,3
128,330,1
128,433,1
128,447,1
128,604,3
129,262,1
130,19,1
130,76,2
130,171,2
130,212,2
130,242,1
130,265,1
130,268,1
130,388,2
130,725,1
131,2,1
131,58,1
131,97,2
131,166,3
131,174,2
131,385,1
131,591,1
131,848,1
132,42,1
132,235,2
132,262,2
132,285,2
132,839,3
133,22,3
133,30,1
133,42,2
133,83,1
133,139,5
133,180,3
133,336,2
134,89,3
134,319,2
134,325,1
134,419,1
135,26,2
135,76,2
135,170,2
136,396,1
138,18,2
138,40,2
138,54,1
138,66,1
138,88,2
138,95,1
138,155,1
138,158,1
138,159,1
138,200,1
138,205,1
138,208,1
138,245,1
138,255,1
138,268,3
138,281,1
138,290,1
138,297,2
138,303,4
138,304,1
138,327,1
138,371,1
138,387,1
138,394,1
138,417,1
138,445,1
138,475,2
138,476,2
138,488,1
138,491,1
138,519,1
138,594,2
138,818,1
138,834,1
138,835,1
138,836,1
138,837,1
138,838,1
139,133,2
140,91,1
141,2,2
141,58,2
141,73,1
141,85,1
141,174,1
141,217,1
141,298,3
141,355,1
142,75,1
142,91,3
142,98,2
142,137,2
142,187,4
142,235,3
142,239,2
142,247,3
142,296,3
142,503,1
142,825,3
143,43,1
143,50,1
143,538,1
145,38,1
145,146,1
145,557,2
146,97,1
148,44,2
148,78,2
148,81,2
149,443,1
149,825,1
150,565,1
151,177,2
151,217,1
152,2,2
152,108,1
152,378,2
153,3,3
153,17,1
153,56,1
153,209,3
153,327,5
153,343,1
153,411,1
153,441,1
153,488,1
153,534,2
154,128,1
154,239,1
154,249,1
154,330,4
154,447,1
155,88,1
155,208,1
155,277,1
155,465,1
156,13,4
156,124,2
156,178,2
156,251,2
156,416,4
156,748,1
158,3,1
158,8,1
158,27,1
158,106,2
158,114,1
158,119,1
158,167,1
158,263,1
158,302,1
158,308,1
158,313,1
158,515,1
158,645,1
158,825,1
158,829,1
159,75,1
159,95,3
159,116,1
159,155,1
159,208,5
159,281,2
159,304,4
159,476,1
160,60,1
160,111,1
160,238,1
160,252,1
160,374,1
160,393,2
161,42,1
161,235,1
161,320,1
162,43,1
162,101,1
162,169,3
163,7,5
163,77,1
163,124,1
163,178,1
165,56,4
165,350,2
166,2,6
166,19,1
166,55,2
166,58,2
166,73,2
166,97,1
166,111,3
166,115,1
166,131,5
166,147,1
166,174,1
166,187,1
166,203,1
166,215,1
166,349,1
166,355,1
166,385,1
166,513,1
166,591,1
167,106,5
167,119,5
167,158,5
167,296,5
167,302,5
167,308,5
169,19,7
169,32,2
169,43,3
169,74,1
169,75,2
169,112,6
169,162,2
169,185,4
169,226,1
169,229,2
169,239,2
169,305,1
169,354,1
169,409,1
169,484,1
169,486,1
170,24,9
170,76,10
170,111,14
170,135,11
170,268,1
170,370,1
170,444,14
171,106,1
171,117,1
171,130,1
172,83,1
173,2,2
173,73,2
173,198,1
173,481,2
174,2,3
174,38,1
174,55,1
174,58,3
174,73,2
174,85,3
174,97,2
174,131,3
174,141,1
174,145,1
174,151,1
174,166,1
174,217,6
174,230,2
174,355,1
174,513,1
174,591,3
174,848,1
175,206,1
175,374,1
175,391,3
175,439,4
175,675,1
176,40,7
176,103,2
176,202,1
176,208,6
176,262,1
176,291,1
178,7,4
178,124,1
178,156,1
178,163,7
179,335,1
180,22,1
180,83,2
180,196,1
180,223,1
180,383,1
180,725,3
181,12,1
181,31,1
181,91,1
181,118,1
181,190,1
181,264,1
181,460,1
181,650,2
181,667,1
182,8,1
183,70,1
183,158,1
184,98,1
184,111,1
184,118,1
184,227,1
185,169,2
185,225,2
185,279,3
185,484,2
187,32,2
187,34,1
187,64,1
187,87,1
187,118,1
187,142,2
187,184,2
187,281,1
187,312,2
188,91,2
189,44,1
189,57,1
189,103,3
189,164,1
189,195,4
190,181,2
191,1,1
191,86,7
191,102,2
191,110,1
191,127,1
191,244,1
191,261,6
191,423,2
191,471,1
193,2,6
193,73,4
195,44,4
195,78,1
195,81,9
195,148,1
195,164,1
195,189,5
195,287,3
195,307,1
195,472,1
195,510,2
196,180,1
197,64,1
197,176,1
199,181,2
200,20,1
200,153,1
200,828,1
201,479,1
203,19,3
203,39,1
203,49,1
203,76,2
203,90,1
203,105,3
203,108,8
203,168,1
203,262,2
203,378,1
203,392,1
203,469,1
203,514,1
203,611,1
203,699,1
203,701,1
203,883,1
205,20,2
205,93,1
205,240,2
205,327,1
205,445,2
206,95,1
206,439,3
206,489,1
207,85,1
207,166,1
207,217,1
207,243,3
207,286,1
208,18,4
208,40,4
208,65,1
208,71,1
208,79,1
208,88,1
208,89,1
208,102,2
208,134,1
208,155,1
208,159,7
208,176,2
208,201,1
208,240,1
208,245,1
208,253,1
208,277,1
208,295,1
208,303,2
208,304,2
208,310,1
208,326,2
208,356,1
208,387,1
208,407,1
208,424,1
208,427,1
208,446,1
208,476,1
208,520,1
208,576,1
208,808,1
208,828,1
208,839,1
208,843,1
209,17,1
209,153,1
209,166,1
209,174,1
211,118,2
211,313,1
211,486,2
212,52,4
212,125,4
212,130,3
212,230,4
212,242,1
212,268,1
212,343,3
212,486,2
215,58,1
215,166,1
215,293,1
216,102,1
216,127,2
216,423,6
216,424,1
216,462,3
217,2,1
217,55,4
217,73,1
217,85,4
217,94,1
217,174,6
217,207,3
217,349,3
218,231,1
219,697,1
221,5,2
221,34,9
221,84,1
221,383,2
221,545,2
222,15,11
222,26,6
222,76,6
222,101,13
222,227,14
224,4,1
225,185,1
225,239,1
225,319,2
225,509,2
226,19,1
226,103,1
226,128,1
226,169,1
226,279,1
226,305,1
226,451,1
227,69,1
227,239,1
227,249,1
227,341,1
227,504,2
229,169,3
229,185,4
230,85,1
230,174,1
230,212,1
230,250,1
231,75,2
231,218,2
231,549,1
231,892,1
232,10,1
232,53,5
232,276,5
232,433,6
234,45,1
235,21,2
235,42,2
235,61,3
235,120,1
235,132,1
235,172,1
235,280,2
235,285,2
235,299,1
235,431,3
235,472,1
235,527,1
236,300,1
239,11,1
239,70,1
239,91,1
239,102,2
239,134,1
239,138,1
239,142,1
239,154,1
239,158,3
239,169,2
239,172,1
239,187,3
239,195,1
239,225,3
239,242,1
239,253,2
239,313,1
239,319,1
239,325,1
239,383,4
239,402,2
239,472,1
239,476,1
239,486,1
239,499,3
239,504,1
239,650,1
240,87,3
240,205,3
240,218,1
240,231,1
240,346,1
241,51,1
241,573,1
242,83,1
242,92,1
242,230,2
242,285,1
242,472,1
243,166,1
243,207,3
244,116,1
244,127,3
244,191,3
244,259,2
244,260,1
244,423,5
244,445,3
244,479,2
245,40,1
245,304,3
247,11,6
247,410,3
248,10,1
248,53,1
248,82,1
248,99,1
248,128,1
248,154,1
248,186,1
248,202,1
248,232,1
248,276,1
248,307,1
248,322,1
248,330,1
248,375,1
248,384,1
248,433,1
248,447,1
248,480,1
248,604,1
248,653,1
248,887,1
249,81,4
249,154,1
249,227,1
249,322,5
249,389,1
249,433,1
249,480,2
250,230,1
251,7,1
251,124,1
251,126,1
252,160,1
253,89,1
253,127,3
253,239,1
253,244,1
253,260,1
253,325,1
253,369,1
256,405,1
257,28,1
257,57,4
259,201,1
259,239,1
259,324,1
259,540,1
260,19,1
260,89,1
260,127,1
260,244,1
260,253,1
261,3,1
261,20,1
261,86,4
261,191,4
261,471,1
262,8,2
262,11,1
262,13,2
262,19,2
262,29,2
262,44,2
262,69,2
262,81,2
262,84,2
262,85,2
262,108,1
262,118,2
262,126,2
262,138,2
262,142,2
262,176,1
262,203,1
262,211,2
262,268,1
262,313,1
262,472,2
262,513,1
262,518,2
262,561,2
262,578,2
262,882,2
263,54,1
264,181,1
264,358,1
264,396,1
264,571,1
264,579,1
264,598,3
264,817,1
264,847,1
265,28,22
265,130,1
266,106,3
266,114,2
266,121,6
266,515,3
267,13,5
268,18,1
268,19,1
268,32,2
268,130,2
268,145,1
268,197,1
268,212,1
268,262,1
268,289,1
268,312,2
268,326,1
268,449,1
268,486,4
268,650,3
268,665,1
269,574,2
270,11,1
270,214,1
270,310,1
270,313,1
271,7,4
271,124,2
271,251,1
274,206,1
274,358,1
276,53,6
276,122,2
276,232,7
276,433,6
277,155,1
278,8,2
278,247,3
278,548,1
279,185,1
279,226,1
280,285,2
281,8,1
281,18,1
281,40,1
281,70,1
281,88,1
281,95,1
281,138,1
281,155,1
281,159,2
281,200,1
281,205,1
281,208,1
281,245,1
281,290,1
281,297,1
281,303,2
281,304,1
281,327,1
281,371,1
281,394,1
281,417,1
281,456,1
281,475,1
281,476,1
281,491,1
281,503,1
281,519,1
281,594,1
281,818,1
281,837,1
282,30,7
282,172,2
282,431,2
282,448,1
284,250,1
284,844,1
285,42,2
285,235,3
285,280,1
286,207,1
287,195,5
288,19,2
288,74,1
288,424,1
288,482,1
289,181,2
289,268,1
289,449,1
289,708,1
290,240,2
291,289,1
293,215,1
293,567,1
296,1,1
296,119,2
296,825,1
297,138,4
297,303,3
298,2,1
298,58,1
298,131,1
298,141,4
298,174,1
298,209,1
298,213,1
298,349,1
298,355,1
298,827,1
300,13,2
300,59,3
300,77,1
300,124,1
300,126,2
300,236,9
302,106,6
304,159,1
304,208,3
304,245,2
307,10,1
307,480,2
308,309,1
310,41,2
310,79,2
310,270,2
310,313,2
310,316,4
310,334,2
310,360,2
310,462,2
310,479,2
311,1,1
311,8,1
311,27,1
311,54,3
311,106,1
311,114,1
311,119,1
311,157,1
311,158,1
311,182,1
311,247,1
311,261,1
311,263,1
311,278,1
311,296,1
311,302,1
311,308,1
311,321,1
311,389,1
311,410,1
311,482,1
311,506,1
311,523,1
311,548,1
311,603,1
311,643,1
311,645,1
311,808,1
311,825,1
311,832,1
312,34,3
312,51,1
312,187,1
312,262,1
313,11,1
313,158,1
313,270,2
313,367,4
313,380,2
314,91,1
315,475,1
316,11,1
316,41,1
316,79,1
316,201,1
316,270,1
316,310,3
316,313,1
316,334,1
316,360,1
316,367,1
316,446,1
316,479,1
316,828,1
318,68,1
319,11,1
319,87,1
319,134,2
319,225,1
319,233,1
319,238,1
319,239,1
319,253,1
319,299,1
319,527,1
319,546,1
319,575,2
320,161,1
320,358,2
321,19,1
322,10,1
322,249,5
323,72,5
323,379,1
326,75,1
326,208,3
326,268,2
327,153,4
327,488,1
328,107,1
328,120,2
328,297,1
330,10,1
330,78,1
330,186,1
330,249,1
331,87,1
331,312,1
332,12,1
332,181,1
332,264,1
332,358,1
332,396,1
332,508,1
332,558,1
332,571,1
332,579,1
332,667,1
332,785,1
332,817,1
332,847,1
333,31,1
333,374,1
333,399,1
333,405,1
333,529,1
335,179,5
336,725,1
337,43,3
337,46,1
338,334,1
340,262,1
341,84,1
341,227,1
342,43,2
342,214,1
343,3,2
343,52,1
343,97,1
343,131,1
343,212,1
344,566,4
344,601,1
345,86,3
345,201,2
345,260,1
345,325,1
345,427,2
346,87,3
346,486,1
347,84,1
348,108,1
350,56,6
350,165,6
351,552,1
353,61,1
353,299,4
353,395,4
353,520,4
354,3,1
354,43,1
354,169,1
354,305,2
355,73,1
355,591,2
358,2,1
358,60,2
358,181,1
358,320,1
359,280,1
360,41,1
360,311,5
360,446,1
360,828,3
362,624,1
362,826,1
364,53,1
364,451,1
365,826,2
366,124,1
367,214,1
367,313,2
370,24,1
370,26,1
370,76,1
370,170,1
370,437,2
370,444,1
370,569,2
374,190,2
374,508,1
375,307,1
378,39,1
378,105,1
378,152,3
379,323,1
380,40,2
380,89,1
380,313,1
380,575,1
381,116,3
383,42,2
383,83,1
383,221,1
383,239,3
383,499,1
383,534,1
384,10,3
387,208,1
387,303,2
387,394,1
387,475,1
388,130,2
389,74,1
389,249,1
393,72,1
393,160,2
393,323,1
393,411,1
394,303,1
394,320,1
394,327,1
394,387,1
394,475,1
396,136,1
399,6,1
401,104,1
401,124,1
402,91,1
402,108,1
402,118,1
402,239,1
402,392,1
403,325,1
405,256,1
409,14,1
409,43,1
409,112,1
409,226,1
409,283,1
409,305,1
409,364,1
409,451,1
410,8,1
411,72,1
411,96,1
411,111,1
411,151,4
411,177,1
411,179,1
411,194,1
411,323,1
411,379,1
411,393,2
411,442,1
411,494,2
411,521,4
411,553,1
411,584,1
411,833,1
411,868,1
411,869,1
413,288,1
415,7,2
415,124,1
416,124,2
416,156,1
419,89,1
422,104,1
422,124,1
423,127,6
423,191,1
423,216,2
423,244,8
426,399,1
427,313,1
428,87,1
429,21,21
430,64,1
430,268,1
431,172,3
431,235,4
431,299,2
431,527,2
432,78,1
433,10,2
433,53,1
433,232,1
433,249,1
436,124,1
436,163,1
437,81,1
437,246,1
439,175,1
439,206,1
440,81,1
440,103,1
440,254,1
440,309,1
445,205,1
445,244,1
447,10,1
447,17,1
447,248,1
449,589,1
449,679,1
450,465,4
451,43,2
451,53,2
451,364,1
452,45,1
454,74,2
455,93,4
456,62,2
461,45,1
461,610,1
462,11,1
462,61,1
462,89,1
462,216,4
465,155,2
465,450,3
466,42,1
466,282,1
466,431,1
468,41,3
468,42,4
472,67,2
472,81,1
472,195,1
472,230,1
472,235,1
472,307,1
474,380,1
475,387,1
479,201,1
479,446,1
480,249,2
480,307,3
481,173,3
482,8,1
483,180,1
484,185,2
486,32,1
486,98,1
486,212,1
488,200,2
488,327,1
488,581,1
492,68,2
494,111,5
494,411,1
496,27,1
505,472,1
507,93,1
509,225,2
510,195,3
511,31,1
513,117,1
513,166,3
513,174,2
513,312,1
514,203,1
515,114,1
521,411,1
521,442,1
522,22,1
525,6,1
527,89,2
527,319,1
527,431,2
528,58,2
528,355,1
534,153,2
541,600,1
545,5,4
545,221,1
549,231,1
557,145,1
558,398,1
561,309,1
562,42,1
562,694,1
563,125,1
564,240,1
565,309,1
566,152,1
566,344,4
566,601,4
567,97,1
567,198,1
567,209,1
568,697,1
569,370,1
570,137,1
571,12,1
572,101,1
573,309,1
574,269,2
575,319,2
576,1,1
577,110,3
578,75,1
579,264,1
579,332,1
580,19,1
580,262,1
581,488,1
