"FROM","TO","SIZE"
1,825,3
2,50,1
2,73,16
2,94,1
2,147,1
2,152,2
2,153,2
2,173,11
2,174,1
2,193,7
2,198,1
2,209,2
2,213,2
2,217,5
2,239,1
2,243,1
2,298,1
2,857,2
3,20,3
3,44,1
3,45,4
3,116,1
3,153,4
3,158,1
3,221,1
3,333,1
3,357,1
3,419,1
4,224,1
5,160,1
5,266,1
6,31,3
6,48,2
6,50,2
6,60,1
6,136,1
6,192,1
6,530,1
7,59,1
7,230,1
8,1,5
8,27,5
8,54,6
8,106,5
8,114,5
8,119,5
8,157,5
8,158,6
8,182,6
8,247,6
8,261,6
8,263,5
8,278,8
8,296,5
8,302,5
8,308,5
8,311,6
8,321,6
8,389,5
8,410,5
8,482,6
8,506,5
8,523,5
8,548,5
8,603,5
8,643,5
8,645,5
8,808,5
8,825,5
8,832,5
9,33,1
9,34,5
9,109,9
9,176,1
9,326,2
10,19,1
10,44,2
10,53,2
10,82,2
10,99,3
10,128,5
10,154,4
10,186,4
10,202,2
10,232,2
10,239,1
10,248,3
10,276,2
10,307,3
10,322,3
10,330,3
10,384,2
10,433,2
10,447,2
10,480,5
10,499,1
11,19,1
11,23,11
11,41,19
11,79,3
11,176,6
11,201,5
11,214,3
11,227,8
11,247,10
11,270,3
11,310,5
11,313,2
11,316,3
11,328,3
11,334,3
11,360,3
11,367,3
11,446,3
11,462,1
11,479,3
11,605,3
11,677,3
11,828,3
12,181,5
12,264,1
12,558,1
12,571,2
12,847,1
13,126,1
13,267,1
14,11,1
14,101,10
14,169,1
14,432,1
14,674,3
15,76,4
15,222,12
16,90,1
16,116,5
16,419,1
16,476,11
17,55,1
17,97,1
17,141,1
17,166,1
17,198,2
17,215,1
17,349,1
18,95,1
18,208,1
19,10,2
19,11,1
19,24,1
19,29,1
19,54,1
19,68,4
19,69,2
19,73,4
19,83,2
19,91,1
19,99,2
19,118,1
19,132,4
19,162,1
19,165,2
19,169,3
19,174,5
19,195,1
19,212,1
19,226,2
19,235,2
19,239,1
19,246,1
19,262,19
19,268,10
19,278,1
19,285,5
19,288,1
19,313,1
19,340,1
19,362,1
19,410,1
19,414,1
19,486,2
19,650,2
20,3,1
20,38,1
20,60,3
20,107,1
20,205,2
20,259,1
20,280,1
20,310,3
21,429,3
22,19,1
22,30,1
22,34,1
22,133,1
22,176,1
23,11,6
23,44,1
23,83,1
23,106,1
23,118,1
23,120,1
23,196,1
23,204,1
23,227,1
24,26,1
24,318,1
25,34,1
25,121,1
25,512,4
26,15,3
26,24,3
26,64,1
26,76,3
26,135,2
26,222,2
26,370,6
26,376,1
26,444,2
26,569,2
27,8,7
27,106,9
27,114,7
27,158,2
27,372,6
27,496,7
27,515,7
28,46,10
28,53,8
28,101,5
28,197,1
28,265,10
28,470,2
29,288,2
29,826,1
30,22,2
30,83,6
30,139,4
30,282,1
31,6,4
31,19,1
31,190,3
31,192,1
31,220,1
31,333,1
31,383,1
31,460,1
32,64,10
32,76,10
32,111,1
32,176,9
32,187,13
32,268,1
32,312,7
32,437,1
32,456,1
33,9,1
33,34,20
33,37,2
34,5,2
34,9,6
34,22,2
34,25,3
34,33,16
34,84,2
34,98,3
34,106,2
34,109,4
34,150,2
34,183,1
34,221,5
34,355,1
34,545,2
34,561,3
35,38,1
35,145,1
36,50,2
36,91,1
36,280,1
37,9,2
37,33,3
37,108,7
37,355,3
37,539,1
38,35,3
38,103,4
38,145,2
38,257,2
38,285,1
38,448,1
39,105,3
39,108,2
39,152,2
39,340,1
39,378,1
39,392,1
39,469,1
40,116,2
40,159,3
40,208,3
40,255,1
40,304,4
40,371,2
40,380,1
41,11,6
41,74,1
41,128,2
41,134,10
42,21,3
42,196,1
42,466,1
42,468,1
42,562,2
42,694,2
43,14,2
43,67,1
43,75,2
43,112,4
43,162,1
43,169,7
43,185,2
43,226,3
43,229,2
43,283,2
43,305,3
43,330,1
43,409,2
43,451,1
43,484,2
43,651,1
43,674,1
44,10,2
44,19,1
44,57,4
44,78,3
44,80,3
44,81,9
44,98,2
44,122,4
44,144,1
44,148,5
44,164,3
44,189,8
44,195,19
44,249,3
44,254,5
44,257,3
44,262,2
44,432,3
44,440,3
44,463,1
44,840,3
44,841,3
45,234,2
46,757,8
47,80,4
47,240,2
48,6,1
48,134,1
48,237,1
48,299,1
49,404,1
50,2,1
50,5,1
50,36,2
50,89,1
50,96,1
50,143,2
50,145,1
50,154,1
50,194,1
50,234,1
50,248,3
50,286,1
50,307,1
50,310,2
50,358,8
50,401,2
50,433,1
50,537,1
51,89,1
51,313,1
51,827,1
52,212,2
52,343,1
53,99,1
53,101,1
53,122,2
53,128,6
53,154,2
53,186,2
53,202,1
53,226,1
53,232,1
53,248,1
53,249,1
53,271,2
53,276,4
53,283,5
53,322,1
53,330,1
53,364,4
53,375,1
53,433,1
53,447,1
54,19,1
54,74,1
55,17,4
55,166,2
55,198,4
55,349,3
56,84,1
56,153,2
56,197,1
56,294,1
56,350,1
56,386,1
57,103,2
57,122,2
57,148,2
57,164,1
57,257,10
58,85,2
58,115,1
58,215,1
58,243,1
58,262,2
58,591,1
59,7,1
59,77,4
59,89,1
59,126,3
59,251,1
59,300,1
59,356,2
59,624,1
60,20,1
60,171,1
60,237,1
60,274,1
60,333,1
60,598,1
61,41,1
61,74,1
62,184,2
63,142,1
64,32,2
64,382,1
65,218,6
65,843,3
66,40,2
66,88,1
66,208,4
66,281,1
66,304,1
66,476,3
67,249,2
67,330,1
68,19,2
68,69,1
68,142,1
68,275,1
69,19,2
69,68,1
69,262,1
69,437,1
70,100,1
70,183,1
70,227,1
71,205,1
72,19,3
72,393,2
73,2,13
73,19,5
73,173,1
73,174,12
73,207,3
73,217,2
74,16,2
74,41,3
74,54,1
74,79,2
74,116,2
74,134,1
74,231,2
74,240,2
74,301,2
74,313,1
74,334,2
74,454,1
74,474,2
74,478,2
74,546,2
74,575,2
74,603,2
74,839,2
75,8,1
75,10,1
75,13,1
75,23,1
75,43,2
75,54,2
75,87,3
75,95,1
75,159,1
75,185,3
75,188,1
75,190,1
75,196,1
75,204,2
75,208,2
75,231,4
75,254,2
75,278,1
75,330,1
75,340,1
75,460,2
75,472,1
75,833,1
76,15,7
76,26,8
76,32,2
76,135,3
76,170,1
76,222,7
76,312,2
77,59,5
77,85,2
77,104,2
77,126,4
77,300,2
77,491,1
78,44,2
78,57,1
78,74,1
78,81,3
78,99,1
78,148,3
78,164,2
78,169,3
78,189,1
78,248,1
78,289,1
78,330,3
78,409,1
78,440,1
78,472,3
79,11,1
79,41,1
79,54,1
79,74,1
79,134,2
79,214,1
79,277,1
79,325,2
80,11,1
80,40,1
80,47,5
80,95,1
80,216,2
80,249,1
80,254,1
81,44,7
81,118,1
81,122,2
81,189,1
81,195,3
81,249,1
81,254,2
82,103,1
83,19,1
83,30,5
83,262,1
83,486,1
84,34,2
84,56,1
84,150,1
84,341,2
84,347,3
85,73,1
85,77,2
85,115,6
85,126,1
85,131,1
85,174,2
85,207,1
85,217,1
85,230,1
85,251,1
85,262,1
85,402,1
86,191,7
86,261,5
86,292,4
86,471,3
87,324,1
87,507,1
87,827,3
88,66,1
88,208,2
88,240,1
88,245,1
88,255,1
88,303,1
88,304,1
88,489,1
89,120,3
89,169,2
89,216,2
89,238,11
89,253,1
89,319,1
89,325,2
89,331,3
89,338,1
89,650,1
90,16,1
90,348,1
91,9,1
91,19,1
91,23,6
91,34,1
91,118,1
91,137,1
91,149,1
91,181,1
91,188,2
91,196,2
91,204,1
91,230,1
92,137,3
92,443,1
93,47,2
93,102,2
93,110,2
93,191,2
93,205,6
93,218,2
93,231,2
93,240,2
93,270,2
93,277,3
93,317,2
93,331,2
93,346,2
93,356,2
93,407,2
93,428,2
93,453,2
93,455,2
93,471,2
93,507,3
93,549,2
93,551,1
93,612,2
93,726,2
93,827,2
94,2,1
94,173,1
94,193,1
94,481,1
95,80,1
95,138,1
95,155,1
95,208,8
95,245,1
95,445,1
96,111,1
96,151,2
96,160,1
96,166,1
96,312,1
96,323,1
97,17,3
97,103,3
97,131,3
97,174,1
97,198,4
97,207,1
97,209,2
97,293,1
97,385,1
97,402,1
97,591,3
98,34,1
98,44,2
98,118,2
98,130,1
98,133,1
98,184,3
98,312,1
98,486,1
99,10,2
99,11,2
99,19,1
99,307,2
99,433,3
100,131,1
100,158,1
100,169,1
100,206,1
100,231,1
100,339,1
100,347,1
100,591,1
101,14,2
101,28,3
101,147,1
101,222,3
101,354,1
102,87,1
102,277,1
102,346,3
103,38,3
103,44,1
103,57,2
103,82,2
103,144,2
103,147,1
103,195,10
104,7,1
104,77,1
104,422,1
105,39,2
105,392,3
106,8,2
106,23,1
106,27,3
106,54,2
106,114,3
106,119,3
106,157,1
106,158,2
106,167,1
106,261,1
106,263,2
106,308,1
106,311,2
106,410,2
106,424,2
106,506,2
106,515,2
106,523,2
106,643,2
106,808,2
106,825,2
106,829,2
107,20,1
108,37,3
108,39,1
108,300,1
109,9,6
109,34,5
110,116,5
110,134,4
110,216,1
111,44,1
111,96,5
111,147,1
111,151,3
111,177,2
111,179,4
111,194,2
111,203,1
111,323,2
111,379,2
111,393,2
111,411,3
111,442,2
111,494,6
111,521,2
111,584,2
111,830,2
111,848,1
112,43,1
112,44,1
112,101,1
112,169,1
112,305,2
113,421,7
113,585,2
114,106,2
114,171,2
115,7,1
115,85,4
115,147,2
115,170,1
115,848,1
116,11,1
116,16,5
116,40,4
116,74,1
116,95,1
116,110,4
116,159,2
116,231,1
116,381,5
116,419,1
116,454,1
116,458,2
117,19,3
117,44,1
117,58,1
117,130,2
117,171,2
117,262,3
117,318,1
117,410,1
117,480,1
118,19,1
118,23,1
118,44,1
118,81,1
118,89,1
118,91,1
118,98,4
118,183,1
118,187,2
118,211,1
118,237,1
118,239,1
118,250,1
118,268,1
118,486,6
119,106,1
119,158,1
119,341,1
120,20,1
120,89,6
120,91,2
120,130,1
120,132,2
120,145,4
120,324,1
120,328,2
120,403,1
120,650,1
121,9,1
121,25,1
121,106,1
121,114,1
121,266,4
122,53,1
122,81,1
122,164,1
122,189,2
123,192,5
123,220,5
123,244,1
123,405,1
123,420,2
123,590,9
123,667,1
124,13,1
124,104,1
124,126,2
124,170,1
124,251,2
124,486,1
125,179,2
125,418,1
126,7,2
126,13,2
126,59,5
126,77,6
126,104,2
126,124,1
126,300,2
126,415,2
126,416,1
126,418,2
127,216,2
127,369,1
127,685,1
128,10,1
128,41,1
128,53,2
128,99,1
128,154,2
128,186,1
128,232,1
128,248,1
128,249,3
128,276,1
128,309,1
128,322,1
128,375,1
128,433,1
128,447,1
129,262,1
130,19,1
130,64,1
130,98,1
130,106,1
130,117,1
130,230,1
130,242,2
130,268,5
130,312,2
130,410,2
131,85,1
131,97,3
131,100,1
131,207,3
131,209,2
131,385,1
131,591,1
132,19,4
132,120,1
132,235,7
132,285,5
132,839,2
133,98,2
133,139,2
133,150,2
134,48,3
134,74,1
134,79,1
134,89,1
134,110,2
134,231,1
134,238,1
134,272,3
134,292,1
134,299,1
134,325,1
134,360,1
134,478,1
134,827,1
134,828,1
134,831,1
134,851,1
135,26,3
135,76,3
135,170,4
135,492,3
136,31,2
137,91,2
137,239,1
138,18,1
138,40,1
138,66,1
138,88,1
138,95,1
138,155,1
138,159,1
138,176,1
138,200,1
138,205,1
138,208,2
138,245,1
138,255,1
138,268,1
138,281,2
138,290,1
138,297,10
138,303,10
138,304,1
138,327,1
138,371,1
138,387,1
138,394,1
138,417,1
138,443,1
138,445,1
138,475,3
138,476,2
138,488,1
138,491,1
138,519,2
138,594,1
138,818,1
138,834,1
138,835,1
138,836,1
138,837,1
138,838,1
139,30,5
139,133,1
140,113,1
140,180,3
140,406,1
141,2,4
141,58,1
142,19,1
142,23,4
142,68,1
142,98,5
142,118,6
142,187,5
143,114,1
144,38,1
144,145,2
145,19,1
145,38,1
145,50,1
145,120,2
145,144,2
145,146,1
146,145,1
147,2,1
147,35,1
147,38,1
147,44,3
147,98,7
147,101,8
147,103,3
147,111,11
147,115,13
147,124,2
147,144,1
147,146,1
147,166,11
147,170,12
147,184,6
147,187,1
147,209,10
147,212,3
147,213,1
147,289,1
147,298,1
147,312,2
147,557,1
148,44,2
148,57,1
148,122,2
148,440,1
149,91,1
149,443,1
150,19,1
150,133,2
150,262,1
151,96,1
151,177,2
151,179,1
151,183,1
151,194,1
151,494,1
151,833,1
152,2,2
152,39,3
152,340,2
152,378,2
153,3,8
153,56,1
153,205,1
153,221,2
153,327,1
153,441,3
154,19,1
154,82,1
154,249,1
154,330,1
155,159,3
155,245,2
155,290,1
156,13,2
156,59,1
156,163,1
156,178,1
156,251,1
156,416,2
157,261,1
157,263,1
158,3,1
158,119,1
158,138,2
159,40,2
159,116,1
159,155,4
159,245,3
159,304,3
160,252,1
161,36,1
161,235,2
161,443,1
162,19,2
162,169,2
163,178,1
164,44,1
164,57,2
164,78,1
164,81,1
164,122,2
164,148,1
164,189,2
164,254,1
164,432,1
164,440,1
165,5,2
165,56,1
165,169,3
165,350,1
165,362,1
166,55,1
166,96,1
166,135,1
166,147,1
166,174,2
166,198,2
166,203,2
166,209,1
166,215,1
166,349,1
166,437,3
166,591,2
167,106,4
167,119,4
167,158,4
167,296,4
167,302,4
167,308,4
168,90,2
168,348,3
168,402,1
169,19,3
169,43,4
169,78,1
169,81,2
169,89,1
169,100,1
169,112,1
169,165,3
169,174,1
169,185,5
169,226,1
169,268,3
169,305,1
169,330,1
169,354,1
169,362,3
169,402,1
169,409,2
169,472,1
169,486,4
169,650,5
169,826,3
170,24,1
170,26,1
170,76,5
170,111,8
170,135,15
170,147,9
170,370,4
171,188,1
171,211,1
171,853,1
172,235,1
172,431,2
173,2,6
173,94,1
173,193,3
174,19,4
174,58,5
174,73,4
174,85,2
174,97,1
174,183,3
174,217,6
174,355,1
174,402,2
174,850,1
175,391,1
175,405,1
175,439,1
175,675,1
176,11,1
176,91,1
176,137,1
176,138,1
176,190,1
176,263,2
176,313,1
176,363,2
176,529,1
176,578,1
176,605,1
176,635,1
177,151,2
177,194,1
178,7,1
178,156,1
178,163,5
179,125,2
180,83,1
180,140,2
180,196,2
180,223,2
180,406,1
181,12,1
181,136,1
181,190,1
181,558,1
181,650,1
181,667,1
182,19,1
182,826,1
183,70,4
183,91,1
183,97,1
183,118,1
183,134,1
183,151,2
183,174,2
183,268,1
183,460,1
183,486,1
183,500,1
183,650,1
184,23,1
184,98,1
184,147,3
184,227,2
184,312,1
184,463,1
185,46,2
185,75,1
185,112,2
185,169,5
185,226,5
185,229,2
185,337,2
185,484,3
186,10,1
186,176,1
186,330,1
187,32,7
187,87,1
187,118,3
187,142,2
187,147,1
187,184,2
187,239,3
187,281,1
187,312,1
187,319,2
187,383,1
188,91,1
188,171,1
188,235,1
189,44,2
189,81,2
189,122,1
189,148,1
189,164,1
189,254,2
189,409,1
190,136,1
190,176,1
190,181,1
190,420,1
191,86,8
191,261,6
191,277,1
191,471,5
191,852,1
192,31,1
192,123,1
192,220,2
193,2,5
193,73,1
193,173,4
194,151,1
194,177,1
195,44,19
195,103,19
195,148,1
195,249,6
195,287,2
195,337,1
195,510,1
196,23,1
196,91,1
196,180,1
197,56,1
197,64,1
197,176,2
197,444,2
197,449,1
198,17,1
198,55,1
198,166,1
198,215,1
199,181,1
199,333,1
200,208,2
201,214,2
202,99,1
202,307,1
203,166,1
203,289,1
204,75,1
204,91,7
205,20,1
205,93,1
205,153,1
205,208,1
205,394,3
205,818,2
206,95,1
206,100,3
206,155,1
206,439,6
207,73,1
207,85,1
208,18,1
208,40,4
208,66,4
208,75,2
208,88,1
208,95,9
208,138,1
208,200,1
208,205,1
208,231,1
208,245,2
208,255,1
208,303,2
208,304,3
208,371,2
208,476,4
209,2,2
209,97,5
209,131,6
209,166,1
209,174,1
209,215,1
209,385,1
210,235,1
211,486,1
211,650,1
212,19,1
212,125,2
212,131,1
212,343,3
213,2,1
213,73,1
213,147,1
214,201,2
214,342,4
215,58,2
215,198,1
216,80,1
216,89,2
216,127,1
216,423,1
216,462,1
217,2,3
217,73,2
217,174,5
217,298,2
218,65,2
218,231,1
218,549,1
219,568,2
219,842,3
220,31,1
220,192,1
220,420,1
221,3,3
221,34,4
221,84,1
221,153,2
221,434,1
222,15,14
222,26,1
222,76,1
222,227,1
223,19,1
223,180,1
223,406,1
224,31,1
224,374,1
225,299,2
225,369,1
226,19,1
226,43,2
226,67,1
226,169,3
226,185,3
226,229,1
226,305,1
226,484,1
226,651,1
226,674,1
227,11,2
227,70,3
227,184,3
227,222,3
227,228,6
227,246,1
227,319,1
227,353,2
228,203,1
228,227,10
229,46,1
229,185,1
229,226,1
229,279,2
230,91,1
230,242,2
231,75,3
231,100,1
231,116,1
231,208,2
231,218,1
231,277,1
232,53,5
232,276,5
232,433,4
233,540,1
234,45,1
235,21,2
235,36,1
235,42,1
235,61,1
235,161,2
235,172,1
235,188,1
235,210,1
235,282,1
235,285,1
235,400,1
235,431,1
235,591,1
236,59,1
236,300,3
236,366,1
236,401,1
237,60,1
237,118,2
238,89,2
239,10,1
239,31,3
239,83,1
239,89,3
239,91,1
239,118,1
239,137,3
239,158,2
239,187,1
239,250,1
239,253,2
239,284,3
239,313,3
239,314,2
239,460,3
239,486,1
239,497,1
239,499,3
239,504,1
239,512,1
239,650,9
240,87,1
240,205,1
240,290,2
241,142,1
242,7,1
242,13,1
243,58,1
244,127,7
244,191,5
244,253,2
244,325,2
244,369,1
244,410,2
244,423,4
245,155,1
245,159,2
245,304,2
246,439,1
247,8,1
247,11,9
248,10,1
249,53,3
249,67,3
249,80,1
249,81,2
249,128,2
249,154,2
249,195,8
250,118,1
250,183,1
251,59,1
251,85,1
251,124,1
251,271,1
251,366,1
251,401,1
252,160,3
252,638,1
253,89,1
253,127,1
253,171,1
253,216,1
253,239,3
253,244,1
253,260,1
253,310,1
253,423,1
253,486,2
254,44,1
254,75,1
254,80,1
254,189,1
254,330,2
255,40,1
255,66,1
255,88,1
255,208,1
255,245,1
255,304,1
256,382,1
256,405,1
257,57,5
257,279,1
258,137,1
258,431,1
259,477,1
260,89,2
260,369,1
261,8,1
261,86,7
261,191,7
261,471,6
262,19,1
262,43,2
262,44,1
262,58,3
262,73,2
262,85,1
262,150,1
262,169,2
262,226,4
262,340,1
262,392,1
262,460,1
262,486,1
263,176,1
263,443,2
264,160,2
265,28,2
266,106,1
266,114,1
266,121,2
266,515,1
267,13,1
268,3,1
268,19,5
268,32,2
268,130,5
268,171,3
268,262,1
268,312,1
268,389,2
268,486,1
268,650,1
269,574,1
269,849,1
270,11,1
271,13,2
271,53,2
271,126,2
271,251,2
271,418,1
272,134,2
272,295,1
273,100,1
274,60,1
274,224,2
274,374,2
274,382,1
274,391,1
274,420,1
275,68,1
276,53,1
276,232,1
277,79,1
277,87,1
277,191,1
278,8,2
278,19,1
278,247,3
279,282,1
280,282,1
280,285,2
280,448,4
280,712,1
281,18,1
281,40,1
281,66,1
281,88,1
281,95,1
281,138,2
281,155,1
281,159,1
281,200,1
281,208,1
281,245,1
281,255,1
281,290,1
281,303,1
281,304,1
281,327,1
281,371,1
281,387,1
281,394,1
281,475,1
281,476,1
281,488,1
281,491,1
281,594,1
282,21,1
282,36,1
282,42,1
282,61,1
282,132,1
282,161,1
282,172,1
282,235,1
282,279,1
282,280,1
282,285,1
282,359,1
282,400,1
282,431,1
282,448,1
282,464,1
282,466,1
282,562,1
282,694,1
282,845,1
283,11,1
283,53,2
284,239,1
284,250,1
284,844,1
285,235,1
285,280,1
285,400,1
285,562,2
286,50,1
287,195,3
288,19,1
289,78,1
289,242,1
290,86,1
290,155,2
290,261,1
290,471,1
290,846,1
291,130,1
292,86,2
293,97,1
293,166,1
293,198,1
293,591,1
294,11,1
294,165,2
295,102,1
295,208,1
295,272,3
296,327,2
296,825,1
297,138,3
297,303,2
297,328,1
298,349,1
299,353,1
299,527,2
299,683,1
300,59,2
300,77,2
300,124,1
300,126,1
300,236,1
300,251,1
300,271,1
300,366,1
301,266,1
302,106,2
302,119,1
302,158,1
302,263,1
302,418,1
303,88,1
303,138,6
303,208,1
303,281,1
303,297,1
303,387,2
304,40,1
304,159,1
304,245,1
305,342,1
305,354,1
306,749,1
307,89,1
307,330,1
308,158,1
308,443,1
309,128,1
310,11,1
310,20,2
310,50,1
310,214,4
310,270,1
311,106,1
311,360,3
312,32,4
312,98,1
312,111,1
312,184,1
312,187,2
312,456,1
313,19,1
313,176,1
313,605,1
314,89,1
314,91,1
314,239,1
314,650,1
315,79,1
315,325,1
316,11,1
316,41,1
316,79,1
316,201,1
316,214,1
316,270,1
316,310,1
316,313,1
316,334,1
316,360,1
316,367,1
316,446,1
316,479,1
316,828,1
317,205,1
317,338,1
318,312,12
319,89,1
319,338,1
320,64,1
321,208,1
322,10,1
323,72,2
323,309,1
323,379,1
323,393,2
324,87,1
324,331,1
325,89,1
325,244,1
325,345,1
326,9,1
326,97,1
326,183,1
326,402,1
326,591,1
327,153,1
327,205,2
327,296,2
328,120,2
328,297,3
329,826,1
330,10,1
330,43,1
330,78,1
330,81,1
330,154,1
330,169,1
330,254,1
330,307,1
330,472,1
331,87,1
331,324,1
331,486,1
332,12,2
332,181,1
332,264,2
332,358,1
332,396,1
332,508,1
332,558,1
332,571,1
332,579,2
332,667,1
332,785,2
332,817,1
332,847,1
333,60,1
333,181,1
333,399,1
334,317,1
335,179,2
336,725,1
337,195,1
338,317,1
339,100,1
340,19,1
340,39,1
340,75,1
340,262,2
341,119,1
342,245,1
343,212,1
344,601,2
345,325,1
346,87,2
347,84,2
348,168,1
349,17,1
349,55,1
349,58,1
349,166,1
349,198,2
349,355,1
350,56,7
350,165,4
350,294,1
350,855,1
351,552,2
352,25,3
353,61,1
353,227,1
353,299,4
353,395,3
354,101,1
354,169,1
354,305,2
355,37,1
356,59,1
357,3,1
357,20,1
357,441,1
358,20,1
358,181,2
358,650,3
359,42,1
359,280,1
360,11,1
360,79,1
360,134,1
360,310,1
360,313,1
360,828,1
361,244,1
361,373,1
361,486,1
362,165,1
363,176,1
364,11,1
364,14,1
364,53,1
364,226,1
364,232,1
365,826,2
366,59,1
366,126,1
366,271,1
366,401,1
367,313,1
368,66,1
368,88,1
369,120,1
369,127,1
369,225,1
369,244,1
369,260,1
369,325,1
369,373,1
369,403,1
369,423,1
369,486,1
369,546,1
369,575,1
370,24,1
370,76,1
370,437,1
370,444,1
370,569,1
371,208,1
372,27,5
373,369,1
374,382,1
374,391,1
375,128,1
376,222,1
377,547,1
378,39,1
378,152,1
379,323,1
380,40,1
381,116,2
382,374,2
382,391,2
383,31,1
383,128,1
383,499,1
384,10,1
384,276,1
385,209,1
386,165,1
386,425,1
387,303,2
388,130,1
388,347,1
389,268,1
390,443,3
391,175,1
391,374,1
392,262,1
393,72,1
393,96,2
393,111,1
393,151,1
393,177,1
393,179,1
393,194,1
393,323,1
393,379,1
393,411,1
393,442,1
393,494,1
393,521,1
393,584,1
394,205,2
395,299,1
396,75,1
397,96,1
398,399,1
398,405,1
399,333,1
399,398,1
399,405,1
399,426,1
399,439,1
399,460,1
400,285,1
401,104,1
401,124,1
402,97,1
402,174,1
403,120,1
404,168,1
405,60,1
405,175,1
406,180,2
407,520,1
408,398,1
409,14,1
409,43,1
409,112,1
409,169,1
409,185,1
409,674,1
410,244,1
411,151,1
411,323,1
412,282,1
412,854,1
413,11,1
414,19,1
415,124,1
416,124,1
417,476,1
418,299,1
418,856,1
419,134,1
420,358,1
421,31,1
421,113,1
