"FROM","TO","SIZE"
1,296,3
2,73,3
2,94,1
2,131,1
2,166,1
2,173,3
2,174,2
2,193,3
2,213,1
2,217,2
2,239,1
2,243,1
2,298,1
2,857,2
3,20,3
3,46,1
3,106,2
3,153,6
3,158,1
3,173,1
3,257,1
3,404,1
4,224,3
4,398,1
4,571,1
6,31,5
6,48,2
6,192,3
6,220,1
6,460,1
6,593,1
7,124,6
7,163,7
7,178,2
7,251,2
7,271,4
7,415,10
8,1,1
8,27,2
8,54,4
8,106,1
8,114,1
8,119,1
8,157,1
8,158,3
8,182,3
8,247,1
8,261,1
8,263,1
8,278,3
8,296,1
8,302,1
8,308,2
8,311,3
8,321,1
8,389,1
8,410,4
8,482,1
8,506,2
8,523,2
8,533,1
8,548,1
8,603,1
8,643,1
8,645,1
8,808,1
8,825,2
8,832,1
9,22,1
9,34,1
9,84,5
10,53,2
10,82,2
10,99,2
10,128,2
10,154,2
10,186,2
10,202,2
10,232,2
10,248,2
10,276,2
10,307,2
10,322,2
10,330,2
10,384,2
10,433,2
10,447,2
10,480,2
10,485,2
11,19,2
11,23,8
11,41,9
11,74,1
11,78,1
11,79,7
11,81,1
11,176,1
11,201,7
11,214,6
11,227,3
11,247,6
11,270,6
11,310,7
11,313,2
11,316,7
11,328,6
11,334,6
11,360,9
11,367,6
11,446,6
11,479,6
11,605,7
11,677,6
11,828,8
13,126,2
13,156,3
13,251,9
13,267,3
13,402,1
13,418,1
14,101,16
14,169,2
14,325,1
15,26,4
15,76,10
15,222,16
15,444,3
15,515,1
16,63,6
16,90,2
16,859,1
17,97,1
17,153,1
17,209,4
18,40,2
18,208,1
18,240,1
18,268,1
19,11,1
19,68,1
19,69,4
19,72,1
19,97,2
19,118,1
19,145,3
19,226,2
19,237,1
19,262,5
19,268,2
19,288,5
19,291,1
19,303,1
19,463,1
19,472,2
19,578,2
19,850,2
20,153,2
20,200,1
20,488,1
21,429,15
22,9,1
22,30,7
22,32,1
22,133,1
22,180,7
22,522,2
23,11,4
23,91,4
23,142,2
23,184,3
23,187,2
23,196,1
23,227,1
23,319,1
24,19,1
26,24,2
26,68,1
26,135,2
26,370,3
26,444,5
26,569,1
27,8,1
27,106,1
27,114,2
27,372,3
27,496,3
27,515,2
28,46,3
28,53,4
28,101,1
28,265,4
30,22,5
30,83,6
30,282,2
30,522,1
31,6,4
31,136,1
31,190,1
31,220,3
31,460,1
32,44,1
32,187,1
32,228,1
32,486,1
33,34,8
33,58,3
33,84,1
33,132,4
33,355,2
34,5,2
34,9,20
34,33,5
34,50,1
34,51,2
34,58,5
34,84,1
34,98,3
34,102,2
34,150,2
34,183,1
34,187,1
34,221,3
34,268,2
34,309,1
34,326,1
34,441,1
34,472,1
34,545,2
34,561,3
34,602,1
36,19,1
36,161,3
36,235,1
36,280,1
36,285,1
37,9,2
37,539,3
37,596,1
38,35,2
38,103,4
38,144,1
38,145,2
38,146,6
38,147,1
38,174,1
38,215,1
38,355,1
39,469,1
40,116,2
40,380,1
41,313,2
42,21,2
42,161,1
42,235,1
42,466,1
42,468,1
42,562,2
44,10,1
44,32,1
44,57,4
44,78,3
44,80,4
44,81,3
44,112,1
44,122,4
44,148,3
44,164,3
44,189,7
44,195,13
44,249,8
44,254,5
44,257,3
44,279,1
44,312,1
44,432,3
44,440,3
44,463,1
44,840,3
44,841,3
45,108,3
45,452,1
46,757,1
47,80,6
47,93,1
48,6,1
48,88,1
48,134,1
48,380,1
48,410,1
48,475,1
49,242,1
49,701,1
50,2,1
50,34,1
50,143,1
50,586,1
50,674,1
51,34,1
51,137,1
51,202,1
52,64,1
52,125,4
52,212,10
52,343,4
53,28,2
53,101,1
53,128,3
53,271,1
53,276,1
53,364,1
53,451,1
54,8,2
54,138,1
54,311,2
55,166,1
55,174,3
55,217,5
55,243,1
56,84,1
56,197,2
56,350,1
56,386,1
57,44,1
57,122,1
57,148,3
57,257,5
58,33,1
58,34,2
58,174,2
58,207,1
58,215,4
58,262,2
58,355,6
58,528,1
59,13,1
59,236,1
59,251,1
59,267,1
59,271,2
59,300,1
59,366,1
59,401,1
60,358,2
60,398,1
61,235,2
62,117,1
62,318,2
63,16,9
63,188,1
64,32,2
64,76,2
64,176,2
64,197,2
64,268,1
64,289,1
64,320,2
64,437,2
65,93,1
65,428,1
65,839,1
67,99,1
67,128,1
67,186,1
67,226,1
67,409,1
67,583,1
68,98,2
68,486,1
69,19,5
69,171,2
70,183,2
71,93,1
72,19,4
72,96,1
72,194,1
72,262,1
72,323,5
72,379,1
72,393,4
72,411,1
72,442,2
72,521,4
72,584,1
72,868,1
73,2,5
73,166,1
73,173,3
73,193,1
73,262,1
73,857,2
74,41,3
74,262,1
74,389,1
74,454,4
75,23,2
75,84,1
75,87,1
75,91,2
75,111,1
75,169,1
75,226,1
75,231,1
75,237,3
75,255,1
75,281,1
75,305,1
75,474,2
76,15,1
76,64,1
76,170,1
76,222,1
77,19,1
77,85,1
77,124,2
77,126,1
77,262,1
78,81,2
78,169,3
78,248,1
78,330,2
78,432,1
78,472,2
79,828,3
80,44,1
80,47,5
80,95,1
80,216,1
80,440,1
82,10,1
82,103,1
82,320,1
83,30,6
83,91,1
83,120,1
83,137,2
83,172,4
83,180,4
83,431,2
83,522,2
84,9,2
84,19,1
84,33,1
84,34,3
84,56,2
84,121,2
84,130,1
84,150,1
84,165,1
84,269,1
84,347,2
84,537,1
84,539,1
84,561,1
85,73,1
85,115,2
85,141,1
85,174,3
85,207,2
85,217,3
85,309,1
85,513,1
86,191,4
86,261,1
87,93,11
87,102,2
87,110,1
87,240,1
87,319,1
87,453,1
88,40,1
88,155,1
88,208,1
88,216,3
88,424,3
89,23,1
89,120,10
89,134,3
89,216,4
89,238,1
89,253,2
89,260,1
89,299,2
89,313,1
89,319,2
89,326,1
89,462,4
89,527,3
89,589,1
89,607,1
89,650,1
90,16,3
90,168,2
91,23,2
91,83,1
91,89,1
91,118,1
91,126,1
91,137,1
91,145,1
91,181,2
91,188,1
91,204,4
91,239,1
91,314,1
91,326,1
91,414,1
91,497,1
91,650,3
91,825,1
92,100,1
93,47,1
93,65,1
93,87,10
93,346,1
93,455,2
95,116,3
95,155,1
95,159,1
96,166,1
96,323,1
97,2,2
97,17,6
97,19,3
97,21,1
97,40,1
97,45,1
97,58,2
97,101,1
97,103,11
97,131,4
97,141,2
97,146,2
97,147,1
97,166,6
97,174,2
97,183,1
97,215,1
97,254,1
97,262,1
97,291,1
97,312,1
97,385,1
97,390,1
97,503,1
97,511,1
97,526,1
97,591,3
98,34,1
98,68,1
98,111,2
98,118,3
98,130,2
98,165,2
98,166,1
98,184,1
98,410,1
99,384,1
100,92,2
100,313,1
100,347,1
100,591,1
101,14,8
101,28,8
101,46,1
101,103,1
101,162,2
101,222,10
102,34,1
102,87,4
102,191,1
102,216,3
102,295,2
102,423,1
103,35,4
103,38,2
103,97,4
103,101,1
103,108,1
103,176,1
103,195,1
103,305,1
103,435,2
104,124,4
104,251,2
105,108,3
106,27,3
106,92,1
106,114,2
106,117,4
106,119,1
106,167,2
106,176,1
106,302,2
106,515,2
106,544,1
108,45,2
108,103,1
108,105,1
110,47,1
110,87,1
110,93,2
110,116,1
110,577,1
111,64,3
111,75,5
111,96,10
111,98,8
111,147,2
111,151,6
111,170,5
111,177,7
111,179,9
111,184,2
111,194,6
111,203,2
111,312,4
111,323,6
111,379,6
111,393,6
111,411,9
111,442,7
111,494,8
111,503,1
111,521,6
111,584,6
111,830,6
111,848,7
111,869,1
112,43,2
112,189,1
112,305,2
113,421,1
115,166,1
115,513,3
116,16,9
116,40,4
116,48,2
116,95,8
116,110,4
116,134,1
116,159,1
116,381,7
116,419,1
116,424,1
116,549,1
117,19,2
117,106,2
117,171,1
117,262,4
118,19,5
118,23,1
118,32,1
118,69,1
118,83,1
118,91,1
118,98,3
118,211,2
118,239,1
118,262,1
118,268,1
118,402,2
118,486,2
119,106,2
119,149,1
119,158,3
119,296,1
119,390,1
119,443,2
120,20,1
120,30,1
120,83,2
120,89,2
120,91,3
120,130,1
120,134,1
120,171,3
120,172,1
120,180,1
120,188,2
120,207,1
120,210,2
120,216,1
120,235,2
120,253,1
120,263,1
120,282,1
120,325,1
120,328,4
120,380,1
120,400,1
120,403,2
120,431,1
120,462,2
120,478,1
120,527,1
120,589,1
120,828,1
121,266,2
122,57,1
122,249,8
122,432,2
123,95,1
123,192,1
123,244,2
123,460,2
123,504,2
123,511,1
123,590,3
124,7,5
124,77,1
124,104,4
124,251,1
125,52,4
125,212,2
125,343,1
126,7,1
126,13,1
126,59,1
126,77,3
126,91,1
126,104,1
126,124,1
126,174,2
126,300,3
126,415,1
126,416,1
126,418,1
127,260,3
128,53,3
128,99,3
128,154,2
128,186,2
128,232,2
128,248,2
128,276,2
128,322,2
128,375,2
128,433,2
128,447,2
130,76,2
130,84,1
130,98,1
130,120,1
130,124,1
130,170,1
130,171,1
130,268,1
130,305,1
130,388,1
130,437,1
130,456,1
130,514,1
131,85,2
131,97,8
131,166,6
131,174,1
131,209,1
131,212,1
131,385,4
131,591,9
131,886,2
132,21,1
132,33,3
132,36,1
132,42,1
132,61,1
132,161,1
132,172,1
132,235,5
132,280,1
132,282,1
132,285,3
132,359,1
132,388,1
132,400,1
132,431,1
132,448,1
132,464,1
132,466,1
132,562,1
132,694,1
132,839,1
133,22,2
133,139,5
133,180,5
133,223,2
133,239,1
133,291,3
133,377,3
133,383,1
133,725,2
134,48,1
134,79,1
134,89,3
134,110,1
134,116,1
134,231,2
134,238,2
134,292,1
134,299,1
134,325,1
134,360,1
134,478,1
134,827,1
134,828,2
134,831,1
135,26,7
135,76,7
135,170,7
135,281,1
136,31,1
137,91,1
138,18,1
138,40,1
138,54,2
138,66,4
138,88,1
138,95,1
138,155,1
138,159,1
138,200,3
138,205,1
138,208,2
138,245,4
138,255,1
138,268,2
138,281,1
138,290,1
138,297,5
138,303,6
138,304,4
138,327,3
138,371,1
138,387,4
138,394,1
138,417,1
138,445,1
138,475,6
138,476,4
138,488,4
138,491,1
138,519,5
138,594,1
138,818,1
138,834,1
138,835,1
138,836,1
138,837,1
138,838,1
139,133,2
139,180,1
141,2,2
141,58,1
141,73,2
141,97,1
141,166,1
141,174,2
141,217,1
141,298,5
141,355,2
141,385,1
141,536,1
142,23,2
142,98,2
142,118,1
142,187,3
142,242,1
143,309,1
143,538,1
144,35,1
145,19,1
145,38,1
145,146,8
145,174,1
145,557,2
146,38,3
146,145,5
146,309,1
148,57,4
152,39,2
152,340,1
152,378,1
153,3,5
153,17,1
153,20,1
153,205,2
153,209,1
153,251,1
153,357,1
153,411,1
153,441,1
153,455,1
153,488,2
153,592,2
154,186,1
155,159,2
155,208,1
156,13,3
156,504,1
156,748,1
158,3,1
158,595,1
159,116,1
159,155,2
159,208,1
159,245,1
159,304,1
159,697,1
160,252,5
161,42,1
162,169,2
163,7,10
163,59,1
163,178,1
164,266,3
164,301,1
165,78,2
165,98,1
165,294,2
165,350,2
165,386,2
165,432,1
165,542,1
165,826,1
166,2,2
166,19,1
166,58,1
166,73,1
166,98,1
166,111,2
166,118,1
166,131,2
166,203,1
166,207,1
166,215,1
166,481,2
166,513,1
166,591,2
167,106,5
167,119,5
167,158,5
167,296,5
167,302,5
167,308,5
168,90,1
168,402,1
169,14,4
169,43,9
169,46,2
169,75,2
169,78,2
169,81,1
169,91,1
169,101,2
169,112,4
169,185,4
169,226,6
169,229,4
169,239,1
169,249,2
169,283,3
169,289,1
169,305,6
169,330,1
169,337,2
169,354,5
169,409,7
169,451,4
169,472,1
169,484,3
169,486,1
169,650,1
169,651,2
169,674,2
170,24,10
170,76,7
170,111,11
170,130,1
170,135,6
170,147,3
170,370,2
170,444,12
170,569,1
171,68,1
171,120,3
172,83,2
173,2,3
173,3,1
173,73,1
173,193,5
173,553,2
174,2,8
174,38,5
174,55,4
174,58,10
174,73,6
174,85,3
174,97,3
174,126,2
174,131,5
174,141,3
174,145,1
174,166,6
174,207,1
174,209,1
174,215,6
174,217,4
174,298,4
174,309,1
174,355,6
174,513,2
174,591,4
175,391,2
176,40,3
176,103,1
176,106,1
176,202,1
176,208,2
176,260,1
176,305,2
176,363,1
176,427,1
176,483,1
176,594,3
176,665,1
177,194,1
177,452,1
178,7,1
178,39,1
178,163,5
179,239,1
180,22,4
180,83,2
180,133,1
180,139,1
180,140,1
180,235,1
180,383,1
180,431,1
180,483,1
180,725,1
181,91,1
181,136,1
181,199,2
181,252,1
181,571,1
181,650,1
182,8,1
183,70,3
183,362,1
183,460,1
183,500,1
184,98,1
184,111,1
184,227,2
184,269,1
184,312,1
185,229,3
187,23,1
187,32,2
187,142,1
189,44,1
189,195,10
189,409,1
189,440,1
190,160,1
190,374,1
190,450,1
190,516,1
191,86,4
191,102,2
191,205,1
191,244,1
191,261,2
191,277,1
191,445,1
191,479,1
192,6,1
192,220,2
193,2,8
193,73,8
193,94,1
193,173,10
194,151,1
194,177,1
195,44,7
195,81,1
195,103,2
195,189,13
195,254,4
195,287,4
195,440,1
196,187,1
197,56,2
197,176,1
197,376,1
197,449,2
200,208,2
200,281,2
200,445,2
202,176,1
203,49,1
203,68,1
203,168,1
203,392,2
203,514,1
204,91,2
205,3,1
205,20,2
205,93,2
205,153,2
205,191,1
205,200,2
205,240,1
205,327,2
205,394,1
205,445,1
205,488,1
206,95,1
206,175,2
206,274,1
206,391,2
206,439,1
206,489,1
206,558,1
207,55,1
207,85,1
207,166,2
207,215,1
207,217,1
208,18,1
208,40,2
208,65,1
208,66,1
208,75,2
208,88,1
208,95,1
208,138,1
208,155,1
208,159,1
208,200,3
208,205,1
208,245,9
208,255,1
208,268,1
208,281,1
208,290,1
208,292,2
208,297,1
208,303,1
208,304,7
208,315,1
208,321,2
208,327,1
208,371,1
208,380,2
208,387,1
208,394,1
208,417,1
208,445,1
208,475,1
208,476,3
208,488,1
208,491,1
208,510,1
208,519,1
208,594,1
208,818,1
208,834,1
208,835,1
208,836,1
208,837,1
208,838,1
209,17,3
209,131,1
209,153,1
209,174,1
209,298,1
212,19,1
212,52,6
212,125,1
212,130,1
212,343,3
215,38,1
215,58,4
215,166,1
215,174,2
215,207,1
216,102,4
216,259,1
216,272,1
216,277,1
216,292,1
216,295,1
216,313,1
216,319,2
216,342,1
216,356,1
216,367,1
216,423,3
216,462,5
216,546,1
216,616,1
217,2,3
217,55,2
217,73,1
217,85,2
217,94,4
217,115,1
217,174,3
217,207,2
217,298,1
217,349,2
217,513,3
218,231,1
219,697,2
220,192,2
220,517,1
220,590,1
221,5,4
221,34,2
221,84,1
221,383,3
222,15,16
222,26,4
222,76,6
222,101,7
222,227,10
223,133,1
223,180,1
224,4,4
225,185,1
226,19,2
226,169,3
226,249,2
227,239,1
227,578,1
228,203,1
228,227,3
229,185,4
230,242,1
231,75,1
231,87,1
231,134,1
231,218,1
231,549,1
232,53,3
232,276,4
232,433,5
232,674,1
235,21,2
235,36,2
235,42,2
235,61,1
235,120,3
235,132,3
235,172,1
235,180,1
235,280,1
235,282,1
235,285,1
235,400,4
235,431,1
237,19,1
237,75,2
237,358,1
237,650,1
238,134,1
239,23,1
239,70,1
239,83,1
239,91,3
239,118,3
239,158,1
239,179,2
239,180,1
239,181,1
239,187,2
239,196,1
239,225,1
239,244,1
239,289,3
239,309,3
239,319,1
239,383,2
239,547,1
239,650,1
239,725,1
240,87,3
240,205,1
240,231,1
240,290,2
240,356,1
241,573,1
242,142,1
242,308,1
242,385,1
243,55,1
243,166,1
244,123,3
244,127,5
244,191,4
244,239,1
244,259,9
244,261,1
244,366,2
244,423,5
244,479,1
244,590,1
245,208,3
245,304,3
246,437,1
247,11,2
247,278,1
247,321,1
247,410,1
249,44,4
249,80,1
249,122,11
249,169,2
249,226,1
249,433,4
249,470,1
249,472,1
251,7,3
251,13,3
251,124,1
251,130,1
251,271,1
252,31,3
252,160,6
254,44,3
254,195,4
254,440,6
256,382,5
257,3,1
257,57,2
259,244,3
259,413,1
259,445,1
260,89,2
260,127,2
260,176,1
260,253,1
260,325,1
260,607,1
260,619,1
261,86,1
261,107,1
261,191,4
261,445,1
262,8,1
262,13,1
262,19,3
262,29,1
262,44,1
262,69,1
262,74,1
262,77,1
262,81,1
262,84,1
262,85,1
262,117,1
262,118,1
262,126,1
262,138,1
262,142,1
262,176,1
262,195,1
262,211,1
262,278,1
262,291,1
262,313,1
262,472,1
262,518,1
262,561,1
262,578,1
262,848,1
262,882,1
265,28,23
266,106,1
266,121,2
266,164,1
266,515,1
267,13,4
267,251,1
267,504,1
268,18,1
268,19,3
268,32,1
268,34,1
268,40,1
268,48,1
268,64,1
268,75,1
268,88,1
268,95,1
268,130,2
268,138,1
268,158,1
268,159,1
268,171,1
268,176,1
268,197,1
268,208,1
268,212,1
268,245,1
268,262,1
268,289,1
268,303,1
268,304,1
268,312,3
268,320,1
268,389,1
268,394,1
268,437,1
268,445,1
268,449,1
268,475,1
268,476,1
268,519,1
268,594,1
268,665,1
268,858,1
268,880,1
268,893,1
269,574,1
271,7,4
271,53,1
271,104,1
271,124,1
271,251,1
272,78,1
274,264,3
274,374,1
274,517,1
275,137,1
276,10,1
276,53,2
276,232,2
276,433,2
277,87,1
277,346,1
278,8,3
278,247,2
278,262,2
280,448,1
281,18,2
281,40,2
281,66,2
281,88,2
281,95,2
281,135,1
281,138,2
281,155,2
281,159,2
281,200,6
281,205,1
281,208,2
281,245,2
281,255,2
281,268,1
281,290,2
281,297,2
281,303,2
281,304,2
281,327,2
281,371,2
281,387,2
281,389,1
281,394,2
281,417,1
281,445,2
281,475,2
281,476,2
281,488,3
281,491,2
281,519,2
281,594,2
281,818,1
281,834,1
281,836,2
281,837,2
281,895,1
282,30,6
282,522,1
283,169,1
283,406,1
283,409,8
284,250,1
284,844,1
285,21,1
285,36,3
285,42,3
285,61,3
285,132,1
285,161,3
285,172,2
285,235,1
285,280,3
285,282,3
285,359,1
285,400,3
285,431,3
285,448,1
285,464,1
285,712,1
287,195,6
287,485,1
288,19,5
288,482,1
289,169,1
290,240,2
291,37,1
291,133,1
291,320,1
292,208,1
292,231,1
293,567,1
294,165,3
294,253,2
295,102,2
296,1,3
296,119,1
296,523,1
296,825,2
297,138,8
297,303,1
298,58,1
298,141,1
298,174,1
298,209,3
298,217,2
299,520,8
300,13,1
300,59,1
300,126,1
300,436,1
301,164,1
302,8,1
302,106,2
304,208,2
304,245,1
305,169,1
306,256,1
307,375,1
308,149,2
308,158,1
309,34,1
309,85,1
309,146,1
309,239,1
309,331,1
309,551,1
310,313,1
311,54,3
311,165,1
311,360,6
311,410,1
311,808,1
312,87,1
312,98,1
312,268,1
313,11,3
313,41,2
313,289,1
313,360,1
313,371,1
314,91,3
315,475,1
316,11,1
317,346,3
318,117,1
319,11,1
319,87,1
319,89,2
319,216,1
319,239,1
320,161,1
320,529,1
321,208,1
323,64,1
323,72,3
323,486,1
325,345,4
325,380,1
325,546,1
325,575,1
326,89,2
326,91,1
326,402,1
326,650,1
327,138,1
327,200,1
327,303,1
327,488,2
327,818,1
328,120,6
328,297,2
330,99,1
330,128,1
330,154,1
330,472,1
331,87,1
331,319,1
332,12,1
332,181,1
332,264,2
332,358,1
332,396,1
332,558,1
332,571,1
332,579,1
332,667,1
332,785,1
332,817,1
332,847,1
333,31,1
333,181,3
333,396,1
333,398,1
333,405,1
334,456,1
335,179,3
337,43,1
337,229,2
338,828,1
340,225,1
341,165,1
341,180,1
341,227,1
341,269,1
341,347,1
341,410,1
341,418,1
342,292,2
343,125,4
343,601,1
344,566,8
344,601,1
345,116,1
345,325,8
346,87,5
346,102,1
346,277,1
346,317,1
346,356,1
346,453,1
346,507,1
346,525,1
347,84,1
350,56,4
350,165,2
351,552,1
353,299,3
353,395,1
353,520,1
354,305,1
355,38,1
355,58,1
355,141,1
355,145,1
355,174,1
357,153,2
357,441,2
358,181,1
358,187,1
358,190,1
358,421,1
358,535,1
358,650,1
360,11,1
360,311,10
360,334,1
360,828,2
361,244,1
362,91,1
364,11,1
364,14,2
364,53,2
364,101,2
364,232,1
364,247,1
364,322,1
364,409,1
364,451,1
366,244,4
367,313,2
370,24,1
370,26,1
370,75,1
370,76,1
370,130,1
370,135,1
370,171,1
370,222,1
370,312,1
370,376,1
370,437,1
370,444,1
370,503,1
370,533,1
370,569,1
370,572,1
371,281,1
371,313,1
374,190,2
374,274,1
375,307,1
377,133,2
377,534,1
378,39,1
378,152,3
379,323,1
380,40,1
380,208,1
380,325,3
380,345,1
381,116,3
382,256,1
382,450,1
383,499,1
385,97,1
385,212,1
386,56,1
386,165,1
387,138,2
387,303,3
387,394,1
387,475,7
388,130,1
392,39,4
392,49,3
392,105,1
392,108,1
393,38,1
393,72,3
393,194,4
393,442,3
393,521,4
393,584,3
394,205,1
394,303,1
394,327,1
394,387,1
394,475,1
395,299,2
396,333,1
397,96,1
398,60,1
398,374,1
398,405,1
398,426,1
399,333,2
399,398,1
399,405,1
399,426,1
399,439,1
399,460,1
400,21,2
400,36,2
400,42,2
400,61,2
400,132,3
400,161,2
400,172,2
400,187,1
400,235,3
400,280,2
400,282,2
400,285,2
400,359,2
400,431,2
400,448,1
400,464,2
400,466,2
400,562,2
400,694,2
401,104,1
402,108,1
402,118,1
402,469,1
404,3,1
405,60,1
405,256,1
405,398,1
407,201,1
407,427,1
407,446,1
407,453,1
409,169,1
409,262,1
410,8,1
410,98,1
411,72,2
411,96,1
411,111,1
411,151,1
411,153,2
411,177,1
411,179,1
411,194,1
411,323,1
411,379,1
411,393,1
411,442,1
411,494,1
411,521,3
411,553,1
411,584,3
411,833,1
411,868,1
411,869,1
413,74,1
413,288,2
414,91,1
414,137,1
415,7,6
419,116,1
419,134,1
421,220,1
421,358,1
423,127,5
423,216,4
423,244,5
426,123,1
428,87,1
428,870,1
429,21,21
431,83,2
432,226,1
432,409,1
432,451,1
433,232,1
433,249,2
433,447,1
435,103,2
436,7,1
436,59,1
436,77,1
436,104,1
436,124,1
436,126,1
436,156,1
436,163,1
436,178,1
436,236,1
436,251,1
436,267,1
436,271,1
436,300,1
436,366,1
436,401,1
436,415,1
436,416,1
436,418,1
436,422,1
436,467,1
436,609,1
436,748,1
437,321,1
437,715,1
440,80,2
440,164,1
440,189,1
440,195,2
440,254,2
441,20,1
441,34,1
441,153,1
441,357,2
441,498,1
442,72,1
444,15,4
444,24,2
444,26,2
444,68,2
444,76,2
444,87,15
444,135,1
444,170,1
444,197,8
444,370,1
444,500,1
444,569,1
445,116,1
445,138,1
445,191,2
445,200,3
445,205,1
445,259,2
445,261,2
445,303,2
445,327,1
445,469,1
445,488,1
445,818,1
448,132,1
448,285,1
448,400,1
449,197,1
450,465,2
451,53,1
452,41,1
452,177,1
452,223,1
452,561,1
453,87,1
454,74,2
455,3,1
455,93,2
456,418,1
460,31,1
460,220,1
460,312,1
461,610,3
462,74,1
462,89,1
462,120,3
462,216,1
465,450,2
468,41,1
468,42,1
469,108,1
469,445,1
470,99,1
470,249,1
472,19,1
472,239,1
472,242,1
472,249,1
472,330,2
472,470,2
472,894,1
473,461,1
475,315,1
475,387,7
475,519,1
479,201,1
479,446,1
480,472,1
480,486,1
481,166,1
483,180,1
483,309,1
484,279,1
485,330,1
486,233,1
486,262,1
488,20,2
488,138,3
488,153,2
488,200,1
488,205,1
488,281,1
488,303,1
488,327,3
489,206,1
493,5,2
493,6,3
493,49,3
493,72,4
493,83,7
493,126,4
493,172,8
493,198,2
493,211,6
493,235,4
493,254,5
493,291,2
493,323,1
493,340,2
493,430,2
493,611,3
493,868,6
494,459,1
497,91,1
503,111,1
507,346,2
511,220,1
511,421,1
512,443,1
513,115,2
513,174,1
513,217,1
514,130,1
514,289,1
515,15,2
515,114,1
516,220,1
516,405,1
517,264,1
519,245,1
519,303,2
519,342,1
520,299,3
520,353,1
521,442,1
523,296,1
525,87,2
525,346,2
527,89,4
528,58,1
528,355,1
530,252,1
536,166,1
538,117,1
539,37,2
539,561,1
539,585,1
544,91,1
544,119,1
544,137,2
545,5,1
548,321,1
549,110,1
549,116,1
549,231,1
549,303,1
554,130,1
557,145,1
561,84,1
566,344,6
566,601,6
567,17,1
567,97,3
567,141,1
567,198,1
567,293,3
567,385,1
571,264,1
574,269,1
575,120,1
577,71,1
577,697,1
578,227,1
582,35,1
583,67,1
584,135,1
584,323,1
584,411,1
585,460,1
585,650,1
586,50,1
587,252,2
587,517,2
587,535,1
587,590,2
587,618,2
587,638,2
588,97,1
589,89,1
590,123,1
590,192,1
590,220,2
590,244,1
590,517,1
591,131,2
592,153,1
593,6,1
593,220,1
594,176,1
595,158,1
596,37,2
597,725,1
598,264,2
599,443,1
600,220,1
601,343,1
602,34,1
